t,phase,bat_volt,bat_curr,bat_soc,gps_nsats,gps_hdop,gps_innov,mag_field,mag_innov,yaw,mot1,mot2,mot3,mot4,att_err,vibe,lbl_battery,lbl_gps,lbl_compass,lbl_motor,flight_id,noise_scale,fault_set
0.0,0,24.481296466746894,39.48359280396609,0.9998529721240501,17,0.9330910625656612,1.4071150379384263,474.40702894477687,0.10437047231773144,359.9924732015886,1578.3068499720432,1550.0766801949642,1572.8064949389213,1544.3042589697911,0.41314486699993347,7.144854163371585,0,0,0,0,M039,2.88,battery
0.1,0,24.418911326699178,45.17702592163885,0.9997083982416555,16,1.034955476792263,0.6594826036181255,493.66169002649326,0.07799746809136085,359.90695057039363,1543.7394640640744,1556.4278184184445,1592.4725607269106,1601.1084377435159,2.5783141529326503,3.9051745375670315,0,0,0,0,M039,2.88,battery
0.2,0,24.650031053958873,42.63782833977297,0.9995602547022547,16,0.9714205682627631,0.6869399771158057,459.4739949597259,0.21239632882089587,359.69366225674673,1532.061063237212,1636.7989559364948,1564.8802173242354,1527.01208774153,1.2337581538438898,2.2722572576458258,0,0,0,0,M039,2.88,battery
0.30000000000000004,0,24.478744814081523,38.52326961167034,0.9994223841917218,15,0.9183621140606791,0.6869861536874415,491.64949158124045,0.12589273661851919,359.63688447482645,1503.70015314909,1570.017755604083,1567.3310044786651,1570.9405604793576,0.8718735330717442,3.8703897686217195,0,0,0,0,M039,2.88,battery
0.4,0,24.448567909881643,42.40608435260771,0.9992753826275615,16,0.8106560705368887,0.6561181502657916,487.0304601620384,0.08447058754865913,359.61081325126247,1525.098186628038,1570.5522742476624,1560.7189379031172,1581.3085367561116,8.584670032723622,2.308446982483505,0,0,0,0,M039,2.88,battery
0.5,0,24.50315483064695,45.36638202665314,0.9991257330771068,17,1.0068449109217406,1.1196117083974422,490.240025713253,0.04249871768382768,0.2058681939963361,1573.5717471981288,1561.4563584147659,1538.3498798251549,1578.3071470775633,3.120304741332842,2.931257019274713,0,0,0,0,M039,2.88,battery
0.6000000000000001,0,24.51899126192978,37.77436805595938,0.9989820678243903,17,0.9485626021008593,0.4746184745045233,469.962646618165,0.01124003392653556,0.3090691443061249,1541.3900594640015,1521.8938722564726,1503.7104634654459,1553.617833973444,2.707806824751384,2.691792660840798,0,0,0,0,M039,2.88,battery
0.7000000000000001,0,24.419008870264467,44.57859086273005,0.9988299283793894,16,0.819189941913343,0.5202007404331671,521.4435239576586,0.20332379527093658,0.4038243278465522,1557.9661314272346,1523.3945347314118,1530.484921874928,1571.1466041182566,5.308593811808125,3.603373586860794,0,0,0,0,M039,2.88,battery
0.8,0,24.29394507209037,40.32679540280913,0.998683539657728,17,1.281868723025204,0.44665205518491163,506.92276797175515,0.17765077670020155,0.4151999663272656,1540.8340220884154,1539.950385204041,1519.0556322399395,1546.832228774267,6.336664914397593,2.4736782613079327,0,0,0,0,M039,2.88,battery
0.9,0,24.561450250995556,33.17243783679891,0.9985423760876376,15,1.154367680890947,1.001466456995354,507.16218233711066,0.09945058979692095,0.28446001361405426,1566.374941885318,1560.2939807307048,1540.6440969966636,1567.765820670967,2.92810779259581,1.6102978814832785,0,0,0,0,M039,2.88,battery
1.0,0,24.359117932956725,41.323109592075,0.9983895510043507,17,1.0420782834485156,0.6995032975427642,471.75123670381055,0.16184347639847102,0.4663169506687843,1539.3575038693705,1500.7188480431448,1590.5033715847615,1565.7075680351236,6.871010185324003,2.233503094234326,0,0,0,0,M039,2.88,battery
1.1,0,24.395782835418487,49.72518106262548,0.998237431222043,15,0.9901613022471583,0.3857471026460879,513.6557880592861,0.10074548792397628,0.5832387917177081,1544.5371172195573,1580.8225931704246,1588.4922020701167,1526.0269408363488,4.714430769861297,3.9344201003303283,0,0,0,0,M039,2.88,battery
1.2000000000000002,0,24.42629911629494,47.29097319680606,0.9980952134216241,16,1.0019041670240005,0.7635931358251851,511.3029696865524,0.07510873128525464,0.576337779773474,1549.652313489472,1556.8200765763527,1531.7757495175454,1593.0619191043766,2.1525242057289526,7.268318473132123,0,0,0,0,M039,2.88,battery
1.3,0,24.148993661082628,36.77743227048677,0.9979549193830567,15,1.0586146394287486,1.5143081031454901,505.12156904385427,0.1638586928993668,0.6179772015962988,1568.994147234412,1528.8864814447857,1568.5693741187483,1570.3606104990847,3.2230974654804188,1.749041264725421,0,0,0,0,M039,2.88,battery
1.4000000000000001,0,24.37722914398276,34.85425904422405,0.9978133527263606,15,0.8732337213810786,0.9314131141533167,493.74410924506947,0.12771679454145363,0.5360729526524667,1568.156066330225,1564.460302881073,1568.0717370160792,1542.4862990474537,2.635724880789766,2.0500427277779854,0,0,0,0,M039,2.88,battery
1.5,0,24.58479909509063,38.835906351699705,0.9976619273828751,15,1.0065272027061454,0.9622469904997273,477.98898269267204,0.24167647286346214,0.8614508175751434,1532.4633727463308,1549.3541517039282,1532.2952396016856,1537.9750126209128,1.3963999209401599,2.8132340450617312,0,0,0,0,M039,2.88,battery
1.6,0,24.485508786956,41.656955987274394,0.9975201995267013,16,0.9022688625980034,0.571063103434246,489.8511146572815,0.07313209307505292,0.711211982877855,1567.2273023223067,1539.5646856636079,1557.9203657943417,1539.8456518548203,0.20299187392555845,2.0329489253948565,0,0,0,0,M039,2.88,battery
1.7000000000000002,0,24.512499656765968,41.416900316950645,0.9973738356901446,17,1.0670027038966021,1.9449007347762075,522.0009988208271,0.13424496183016743,0.4899863466331429,1565.61661306145,1560.7862690510888,1557.6976235573495,1547.8152279368455,6.167331409055123,3.629788518540819,0,0,0,0,M039,2.88,battery
1.8,0,24.467700237063642,45.70385007118125,0.9972249663134387,17,1.0413087500376887,1.0914195523173766,471.5921205903479,0.05050423960878759,0.6883656194289997,1574.6103547792309,1515.8083460833168,1592.9895899270546,1554.1687014942977,3.012545363385967,3.9470487007849684,0,0,0,0,M039,2.88,battery
1.9000000000000001,0,24.19844168217972,39.08161487079214,0.9970755676068241,15,1.0382391416776677,1.6845843334645498,484.03513150949476,0.01812193953645965,0.4488075989375203,1512.4694903628967,1588.4599185314873,1585.5055906340988,1556.0435528129622,1.9153248270790018,2.9359932906437005,0,0,0,0,M039,2.88,battery
2.0,0,24.477349612711688,37.897714880250135,0.9969338663154795,17,0.9427787387459975,0.7352752426262404,495.42365396831696,0.1986438001735801,0.5460303356627089,1479.1330472594145,1525.8833800151003,1543.6889385699392,1561.7260395848232,2.7407395283353457,3.9633227886665168,0,0,0,0,M039,2.88,battery
2.1,0,24.63802066480715,39.72461176868385,0.996790627562475,15,0.9599165967445391,0.7262643286939922,503.6014036496898,0.14620336989830632,0.8050871399840613,1569.294788724782,1522.8838775877996,1558.5922840514468,1526.403291356553,3.439112887039699,4.446635190612687,0,0,0,0,M039,2.88,battery
2.2,0,24.305151993368202,45.328616507185444,0.9966445442778803,15,1.108469333963855,1.1159638038574866,491.75460174575164,0.13909814171375615,0.665906372578921,1544.3329755046261,1543.8212105028165,1569.6592095403296,1551.7669856708565,2.0978068928348144,2.237925799675155,0,0,0,0,M039,2.88,battery
2.3000000000000003,0,24.42160869025196,42.40830826687192,0.9964981091151137,16,0.9672048009750801,0.13857780387131993,480.821841013186,0.21697034873580767,0.8362756550381135,1541.0726332280442,1536.6675411642925,1535.3229740059949,1507.2121554206633,8.084888246077597,1.710012777456588,0,0,0,0,M039,2.88,battery
2.4000000000000004,0,24.642879733136215,47.1499667464356,0.9963574406481213,15,0.9857028250054926,0.9254088539867169,518.2338063167806,0.15425881014436965,0.7452107426501048,1545.419358344585,1573.764995527231,1549.5972499923937,1526.5362895741553,4.969855197815344,2.8122011058483793,0,0,0,0,M039,2.88,battery
2.5,0,24.45446847712143,39.43067966499723,0.9962162635974559,17,0.9905441201600241,0.18810610098742506,485.26571822609736,0.0342083848720586,0.7147927359716674,1517.1282664932428,1542.231581027826,1543.8991138366648,1538.4885075792924,2.654023009071652,2.9397007174424465,0,0,0,0,M039,2.88,battery
2.6,0,24.504995055585766,40.649363732361536,0.9960709693419887,16,0.9173329331759374,0.6712914341341994,516.6648640623345,0.26360228384604095,1.1968446794313836,1547.44713137499,1532.1459901951007,1527.2159848206463,1559.5474546937994,3.168887102672888,5.134086423139449,0,0,0,0,M039,2.88,battery
2.7,0,24.160246953819666,38.90075408758378,0.9959251653131499,16,0.9222153869087151,1.6136338776009143,482.09685669310534,0.0674185879586627,1.18262304720095,1524.0455313050713,1543.9672626751424,1558.6555102749699,1568.5067114036117,1.5917563748144614,1.6627876953756486,0,0,0,0,M039,2.88,battery
2.8000000000000003,0,24.46760833583457,45.20759076778429,0.9957851322446547,15,0.9260533233412621,1.211335074027586,500.8395643804649,0.05779038821617337,1.6735541408146228,1528.7010895067217,1549.968065965952,1543.401699605063,1545.1295466355848,2.885359184469192,5.535974604287064,0,0,0,0,M039,2.88,battery
2.9000000000000004,0,24.334323724810677,49.89821106737445,0.9956357257452554,16,0.97863578477942,0.32124741677960744,485.4565356429243,0.030161308727330225,1.635815334751018,1572.7001516602609,1542.3988060377237,1537.142166424083,1526.90823937651,5.915624848588532,5.56692466187026,0,0,0,0,M039,2.88,battery
3.0,0,24.39878994350156,46.091246197985676,0.9954852177157296,16,0.9083523135554066,0.47336497695925633,505.5518581953126,0.15316489808148273,1.3831263652799173,1556.1203403591016,1560.4690793881082,1545.3153709151218,1575.477882448304,5.2626265328343065,1.850170163428409,0,0,0,0,M039,2.88,battery
3.1,0,24.391332177763463,39.83309461755112,0.9953440766145047,15,1.0035067819970742,1.3910785807461012,539.010998413857,0.08371075471941765,1.8691773090054467,1585.0614905576233,1609.1419885509656,1551.764799389082,1579.0518125221488,0.5018833611491567,6.98289658132963,0,0,0,0,M039,2.88,battery
3.2,0,24.389940773850615,39.93776008243147,0.9952007860105072,15,0.9781536379502094,0.5506739454488402,517.1583930095699,0.0980603727086067,1.982300044744623,1554.5930631627639,1522.2533243144119,1550.823804010704,1539.9388876902335,9.725907392051093,4.052254103304954,0,0,0,0,M039,2.88,battery
3.3000000000000003,0,24.484099556130897,41.264187856560184,0.9950568610692366,15,1.2447860965802542,1.7042020884775986,496.769367451141,0.08041528854208783,2.0928847636262886,1529.997244632881,1559.7643321835976,1484.1718338393443,1534.1730512124261,5.187318749329076,3.237277948135067,0,0,0,0,M039,2.88,battery
3.4000000000000004,0,24.32390352723827,39.76094191338444,0.9949157300656414,17,0.9579375393816318,0.42109625272772694,481.4762331957542,0.08616485550705688,2.251945552732378,1539.0584418055316,1500.5949931872278,1549.6194835296212,1550.7499842315374,7.846448741319391,3.2022869586325893,0,0,0,0,M039,2.88,battery
3.5,0,24.453357983591193,39.79757091158278,0.9947727277831682,17,0.9176271736052488,0.6148361470297504,525.098856897216,0.22942239803478065,1.6978565174817621,1576.8792986545818,1561.2785502341897,1544.691595769627,1579.9817117083926,2.214091848514382,4.621615187071015,0,0,0,0,M039,2.88,battery
3.6,0,24.242114711457305,41.304350427470034,0.9946366615295853,16,0.8828443772607059,0.7436307868588226,453.24970718322,0.22099780468801566,1.5285227336458567,1563.652296740625,1542.8661832996052,1544.7675374957817,1530.8054117003505,6.720702129829248,5.845463600179386,0,0,0,0,M039,2.88,battery
3.7,0,24.531020809178973,37.173255768941225,0.9944968983725335,16,0.9822830285357043,0.24085195888742245,515.5339981766438,0.18035315557383888,1.547458142242796,1561.814105786782,1579.9513551730156,1513.210691024347,1561.9018259565516,1.6607250557595383,5.112610089936126,0,0,0,0,M039,2.88,battery
3.8000000000000003,0,24.53504604121011,42.74293798776417,0.9943505112071229,15,0.9362661757872144,1.098627194671331,471.5736787663053,0.1363144331041932,1.3865641763789787,1539.7551434598681,1595.777965055709,1563.2988201085925,1535.9375693103798,0.9448156839723041,1.5543291182506982,0,0,0,0,M039,2.88,battery
3.9000000000000004,0,24.396751572346975,43.76602952036956,0.994206048181468,16,1.1442102986508036,1.0300020668372722,502.189046333704,0.1427715183822193,1.568838768700061,1573.2624621787174,1590.5167792317618,1582.653956386117,1582.9968017182746,1.5680858721043942,2.4671649043628285,0,0,0,0,M039,2.88,battery
4.0,0,24.330360759861485,44.608011512489206,0.9940615824556079,15,0.9754870962687703,0.13408221725957514,514.6803025339631,0.12393345122108237,1.65423575033611,1557.2510049313407,1510.8913561032934,1590.4077510075504,1572.832818504887,1.092568633612204,2.4729516565933025,0,0,0,0,M039,2.88,battery
4.1000000000000005,0,24.539556796958518,43.48450738860643,0.9939142567113609,15,0.9922124102630557,0.9471251113674346,489.9320828888044,0.14820692625115098,1.8198403099268803,1573.318347363215,1533.923555224317,1588.1806140516196,1571.8452721334418,3.293267469646875,2.621643143611621,0,0,0,0,M039,2.88,battery
4.2,0,24.51374349104709,35.33884775990104,0.9937770508921981,15,1.1626341165577403,1.3782191284161616,535.3102019177899,0.05453992782431272,2.180402822111666,1598.060983686237,1548.7206481402272,1563.9030144869614,1579.0320753115388,1.5573057583808816,3.5273517783422803,0,0,0,0,M039,2.88,battery
4.3,0,24.510258034103117,46.38324315612456,0.9936265246467477,16,0.8193849872770084,0.6998180795585823,486.6031149023184,0.08840730608610786,1.7557630626505834,1485.6670711866268,1556.711133177792,1566.079714694599,1523.6214332063296,1.943623094861618,6.243977010328006,0,0,0,0,M039,2.88,battery
4.4,0,24.5192126323016,43.571651495370276,0.9934861261064524,17,0.9407497421377248,0.6038764157277753,487.87291863132754,0.2402547568078276,2.295638766119879,1520.635053781565,1519.1775463640865,1576.0928081196837,1505.9705415033523,1.2170563323031958,2.5351637863113634,0,0,0,0,M039,2.88,battery
4.5,0,24.520280332935688,43.32300767355734,0.993338488845639,15,0.9872241083647976,1.2814509819062776,473.1790150662671,0.12540839304860246,2.383866142383585,1535.794590499552,1557.0204915361692,1589.844545685868,1556.140870214133,2.749051236214612,3.922568769661811,0,0,0,0,M039,2.88,battery
4.6000000000000005,0,24.376868528561147,47.774723333342386,0.9931899772076657,16,1.0210838004182528,0.1767519826446644,506.99445995046796,0.02870621641599155,2.2207768808145594,1558.3076742572453,1565.7012012057908,1562.618958023166,1554.1407880824938,2.8055999625420425,3.095675490246574,0,0,0,0,M039,2.88,battery
4.7,0,24.39581827466151,43.590874738462624,0.9930388696547013,16,0.8196429262284962,0.7731602452563234,524.291808562371,0.04416740874090036,2.205902213100265,1524.087627525744,1551.873599441338,1512.3580528829523,1540.0744196922096,1.1899064243769817,1.6224269626674035,0,0,0,0,M039,2.88,battery
4.800000000000001,0,24.683659417565107,42.827745475012975,0.9928917757775276,17,0.8756253656769893,1.663651315580233,508.78147328715926,0.046281800992604115,2.145068595147344,1555.66994498166,1521.9526246575597,1545.149809986054,1560.9724089621675,5.075477585787075,4.213599072692501,0,0,0,0,M039,2.88,battery
4.9,0,24.36490643494593,43.576754781358254,0.9927417572109484,15,0.9414580566874022,2.4281443660376283,491.07055501716144,0.05400086752631633,1.904423830454316,1550.994983694157,1590.625437156856,1556.6435286947658,1533.5465037732515,1.83350244869066,2.334915910103791,0,0,0,0,M039,2.88,battery
5.0,0,24.412632902255076,37.13627058111248,0.992592763494951,17,0.9435214995161549,0.4357913963349486,499.562714664886,0.043021309791643175,1.8658758212133297,1532.9837322163248,1539.7676885086653,1552.059405180819,1583.9754131690931,3.0517312173726854,2.2208495448772534,0,0,0,0,M039,2.88,battery
5.1000000000000005,0,24.46458826299139,41.638046183670795,0.9924474676798459,16,0.8256430299868196,0.4838577745714099,531.2342463871272,0.02413098147071242,1.9107147676409761,1561.4010192209778,1552.8117045603149,1566.3239563747009,1514.5715187471792,1.064474944966941,7.390735168927423,0,0,0,0,M039,2.88,battery
5.2,0,24.432849682057782,43.08547340620939,0.9923028590672917,17,0.8945988344435887,0.522019193529852,489.4587163787326,0.1608372671176438,2.1504920517561086,1520.035072881769,1518.105496128734,1542.5322822490746,1555.8233550142127,2.0845239841981655,2.607985510205027,0,0,0,0,M039,2.88,battery
5.300000000000001,0,24.52691860449608,41.54005601378108,0.9921618330870955,15,0.9520269644925327,0.4802433668517917,490.64824332261105,0.09284391318730084,2.241547852269853,1580.694113806676,1515.5603296161428,1542.8686369378247,1546.619889464487,1.7747981839162494,5.56989921707062,0,0,0,0,M039,2.88,battery
5.4,0,24.460631867410967,41.416513475799036,0.9920266137276041,16,0.8848930798532436,0.3225760223631662,503.52737900544474,0.056867082861755264,2.4307363876347168,1551.9318491093122,1542.0678702535886,1547.3719507428111,1544.1417446134183,2.9841420202639486,2.2988940768277564,0,0,0,0,M039,2.88,battery
5.5,0,24.433030932940518,45.07751982035529,0.9918809874680514,17,0.8804884153968181,0.5034137519956935,495.0376185509301,0.1220313802610861,2.4310861781537043,1519.7835023963876,1539.1470445727184,1548.923128641356,1575.2888168918805,3.9003235100084974,4.356574933158492,0,0,0,0,M039,2.88,battery
5.6000000000000005,0,24.144813765404212,42.90744637486353,0.9917321887877928,15,0.8776052966340846,1.1959047421205389,477.7306877013194,0.08377772759967825,2.9565646430089694,1595.9172697281715,1526.5782016735727,1543.8760733006472,1540.038566311566,2.357362510914312,3.8376947693980137,0,0,0,0,M039,2.88,battery
5.7,0,24.185524084606175,39.959999729536946,0.9915775501811137,15,1.0984380183858036,0.7513600093058366,536.4577859222853,0.12249100170346962,2.8483492697866732,1515.865414940722,1539.137265003604,1544.0819582386498,1533.6248486274467,3.8281820380825855,6.4941964458314185,0,0,0,0,M039,2.88,battery
5.800000000000001,0,24.42223678064048,39.74826781057039,0.9914385114230705,15,0.9028185244209616,1.520369733469953,480.30163367393163,0.09854465305142114,3.033326831862226,1550.1370138306158,1571.0366881291193,1540.4547901568333,1536.735660639054,1.988588295454636,1.6701689860286506,0,0,0,0,M039,2.88,battery
5.9,0,24.41376599926483,37.790121433052505,0.9912972200566239,17,0.8902826022787138,1.2308302260575783,509.65308085293094,0.08752259394356271,3.128259072714493,1529.6336887278035,1578.4386666123485,1553.1966278412576,1585.9584592825854,2.0279316282655606,4.55507548586942,0,0,0,0,M039,2.88,battery
6.0,0,24.43337984490543,36.73314760780375,0.9911508461287413,17,0.9426532599862643,1.0250546793695814,472.3354558520794,0.01921958852810262,2.930797093637802,1535.8146835425594,1597.4737650165762,1563.3136595953613,1565.6313376831822,2.956242490557325,3.9092169849722325,0,0,0,0,M039,2.88,battery
6.1000000000000005,0,24.537815429635614,45.312408582655245,0.9910013037413141,16,1.019149186042847,0.5347641657637456,530.8356236615972,0.12803076147330392,2.1129102947391547,1512.3823300000145,1539.683295490206,1522.2999403023825,1559.271462629073,4.508983016100971,3.615290698306608,0,0,0,0,M039,2.88,battery
6.2,0,24.461749206299107,35.61874613569722,0.9908621976832133,17,1.2441479874505519,1.503997128876406,477.69558035262,0.13139947739545516,1.735097744402366,1544.2770154839259,1586.1266011265611,1579.1688333906654,1537.8106061151902,3.1226260314653436,2.658617619889788,0,0,0,0,M039,2.88,battery
6.300000000000001,0,24.450493795491006,43.24168323899257,0.9907175752491905,16,0.9494200429661904,0.2836011259781404,513.0814826039273,0.09831341978852194,1.5712799715402321,1517.598888526795,1560.0498487744796,1569.4985953294376,1552.0259781860125,2.5085728557629703,2.3779913235701007,0,0,0,0,M039,2.88,battery
6.4,0,24.487229195401287,39.288293483681706,0.9905735272765025,17,1.07486185084595,0.9856013460801668,487.5469707534895,0.049224544544448134,1.67516626712711,1514.4026639696126,1528.6057853910352,1567.7106381048006,1515.411950228457,3.7523230426448695,4.144603406471875,0,0,0,0,M039,2.88,battery
6.5,0,24.594452160063426,38.015786598576774,0.9904307232302436,17,1.0665695784346312,0.8959257285474401,496.5332294928954,0.014921029778544974,1.9405884928395158,1521.0343689194908,1522.8661405848252,1575.2006938115321,1541.5629640739648,8.345835192763188,3.3447613144693644,0,0,0,0,M039,2.88,battery
6.6000000000000005,0,24.336494604436545,39.73761794195261,0.9902896780090655,17,1.019459503544238,0.8935050899948351,512.9285054432675,0.19868694969390566,2.099952804957825,1562.611426004827,1514.3409801784092,1583.2751242640932,1551.460110634735,6.456197537792985,3.4784736470750226,0,0,0,0,M039,2.88,battery
6.7,0,24.493849204393992,41.80469060735601,0.9901321072608282,16,0.8322184499352471,1.0833406181087715,513.4311263123243,0.18644749431068958,2.0129829796056335,1531.521030130092,1525.2841542358542,1526.6442796109943,1536.537439517709,3.9301561871887647,3.1915733438608473,0,0,0,0,M039,2.88,battery
6.800000000000001,0,24.138355115367972,47.442668165901345,0.9899784319513041,15,0.948685064966431,0.9761176641739648,511.98791428814764,0.08170310186968006,2.095947073191631,1569.078502694403,1541.2150231897265,1510.7656679363063,1527.2705332287705,4.139346440245479,4.554951081749362,0,0,0,0,M039,2.88,battery
6.9,0,24.53932597832866,45.247431988411776,0.9898325950892181,16,0.9068766868832564,0.0671190456953187,541.5258712767247,0.0076721849806955945,2.1496034149485084,1523.293938371251,1534.72188163495,1540.0307361026996,1520.1486496829893,2.971623182574221,2.5488121857781,0,0,0,0,M039,2.88,battery
7.0,0,24.58503377935516,35.78797058372581,0.9896911156279529,15,0.8402953630543323,1.4123278387693268,503.6631561735196,0.06812120120950525,2.5223922486599717,1541.7124514070213,1515.6554615722284,1530.5950620606727,1579.3531027490435,5.705913774098776,4.076831546795849,0,0,0,0,M039,2.88,battery
7.1000000000000005,0,24.423061021731233,42.45344218122736,0.9895436457120643,15,0.8721169422751639,1.1475111941829597,495.8703362742787,0.16783645545198708,2.902178101779996,1586.831559427564,1572.3170882602603,1566.2822059842345,1508.9003015469173,3.1606978428098893,3.0184312342968687,0,0,0,0,M039,2.88,battery
7.2,0,24.393240916256623,45.41844171712428,0.989398549948005,15,1.0567271370101248,0.7156266860617235,514.7524319346347,0.10012501491626283,3.6190144378062095,1577.7593234152635,1521.0839031564312,1511.4838144470293,1590.4299722202845,4.399943400401618,1.8158923138279666,0,0,0,0,M039,2.88,battery
7.300000000000001,0,24.621599082917314,44.68716784823204,0.9892541339357716,16,0.9466714275003693,0.22993930944802865,515.1564681173103,0.267448503834181,3.4634665651484076,1556.8844946208653,1569.9570273882775,1513.7210778246103,1521.7595233202453,1.1060316814910716,2.768740436799692,0,0,0,0,M039,2.88,battery
7.4,0,24.48993566351702,37.09334419817334,0.9891085134380332,15,1.0319202186169467,0.8384146050385889,480.11432849829714,0.12456636414279723,3.587859100315952,1554.6274031696869,1536.5244852687683,1553.5366169989293,1518.8009147266405,0.33484583342843655,3.822703221701575,0,0,0,0,M039,2.88,battery
7.5,0,24.32404028463307,42.13116788841778,0.9889601227696786,15,1.226809200635668,1.586667813784108,503.1829944827024,0.07523131843362672,3.3900708245567945,1513.726618185069,1549.8634860523505,1555.8882528761249,1569.3209781358712,2.350291889612162,4.909792606874337,0,0,0,0,M039,2.88,battery
7.6000000000000005,0,24.279141310470006,46.22371475226722,0.988812069296721,17,0.8188817741452933,0.2772223399561484,503.6479895063108,0.28090189524332665,3.3626085887782446,1532.1904232354434,1557.8879139467335,1564.6750075557502,1547.96645907185,6.123531222370337,6.389812848334459,0,0,0,0,M039,2.88,battery
7.7,0,24.38372465719096,41.7286597613344,0.9886667392704642,15,0.9530193260424102,0.10935545864849441,497.09707482189964,0.2047545616614491,2.8242394791157315,1575.7162327173908,1557.7391879888585,1530.6870982778732,1587.9334414887608,1.4384368248974848,1.6304433446330324,0,0,0,0,M039,2.88,battery
7.800000000000001,0,24.41790732201178,38.70696244343129,0.9885178063832972,17,1.0394605499372562,0.08873410846699474,504.4969166599862,0.1799456561780366,2.675479788871971,1573.1726599930812,1591.301926427036,1569.3813847894116,1514.2099009678248,4.5031411011282,3.887076776275558,0,0,0,0,M039,2.88,battery
7.9,0,24.637876047882123,41.63778767826829,0.9883758852472442,15,0.9883215342452629,0.27239856463628864,454.70608379602646,0.17502299990803583,2.7063985736471046,1555.228783259117,1491.0010288963003,1549.2594307396778,1551.6265231090663,3.9303509167177064,3.9369235153229294,0,0,0,0,M039,2.88,battery
8.0,0,24.409556209490784,40.55388590322159,0.9882274113290743,16,1.0521032290922405,1.4384203506455935,484.86640544568627,0.2548832857084005,2.0293587433345897,1558.523905773949,1552.2772019129739,1577.0774803214388,1534.3752754698137,2.478148528564822,3.622242381833149,0,0,0,0,M039,2.88,battery
8.1,0,24.392928677517048,42.704900161159465,0.98807555460238,17,1.0520840035508052,0.5380617547778819,488.4358078246897,0.22309311391453018,2.220635395869255,1581.437567388169,1565.9381692137968,1536.0469188866853,1603.4103239211436,1.920147430650145,1.4201574818617038,0,0,0,0,M039,2.88,battery
8.200000000000001,0,24.397313660861347,42.036335117681304,0.9879271139817093,16,0.92767904132565,0.3087381181287155,460.81959023883644,0.12200645064756832,2.7995080806654156,1545.832373421637,1550.4393881997055,1510.4398466221307,1563.0695931346559,1.71957375265383,5.616102066348611,0,0,0,0,M039,2.88,battery
8.3,0,24.480366367877902,36.628986291992874,0.9877871590439138,15,1.0473819468638625,0.4325042207573179,487.8286123215334,0.03640887359023662,2.410484405952093,1590.5110436358918,1567.4979362247786,1533.265223918471,1559.234139080705,2.526863250747616,2.545749269917277,0,0,0,0,M039,2.88,battery
8.4,0,24.3621045901558,45.04817365502606,0.9876372284258541,17,0.902110134523479,0.9428821449809011,463.9348452845755,0.0620007472978966,2.3946091549102184,1548.4621409400102,1514.7430115276065,1522.940825410594,1522.6436193991715,2.9931586511803046,5.9934288207102115,0,0,0,0,M039,2.88,battery
8.5,0,24.29615618493935,44.29389477379055,0.9874902460806692,17,1.0138995251623786,1.0462994299205948,505.9627144716438,0.12597925582199537,2.4471379275147056,1579.3954601393928,1534.9427102430573,1537.8582005031215,1582.6688599693289,1.202556093385429,3.1221345989618077,0,0,0,0,M039,2.88,battery
8.6,0,24.372791038435096,40.22192428444278,0.9873441629474545,15,0.8919245082759418,0.5170787357126635,513.7878521722306,0.08775433193718407,2.340676217950106,1523.4129683242472,1532.971961182792,1526.1745388638765,1542.0666475217838,1.2208047306157537,2.0719789547392162,0,0,0,0,M039,2.88,battery
8.700000000000001,0,24.569291416880876,45.413406846722154,0.9871986073930541,17,0.9033232431802182,1.3891906840810195,482.67744020209557,0.016312865833240462,2.76128305407658,1591.4048550247703,1560.8443953364285,1535.9667541496108,1524.554315335809,0.47597440958035864,2.753316455545095,0,0,0,0,M039,2.88,battery
8.8,0,24.386879462379124,44.054706789397954,0.9870545761988287,16,0.8280660969851351,0.802773843685247,504.6477161326099,0.07542735399102006,2.679627968077543,1532.7747731517416,1525.1923650226013,1558.337817066083,1528.8323795262488,4.722208366462757,3.8357248978690786,0,0,0,0,M039,2.88,battery
8.9,0,24.316073042017678,40.15193789579474,0.9869105583738871,16,1.0401783468361583,1.0492284435570396,454.89274481030634,0.06478876514293225,2.697084315641405,1596.1676679955356,1582.818677501347,1554.5220778695361,1520.6422597596916,1.1165672038470427,2.6027398622950066,0,0,0,0,M039,2.88,battery
9.0,0,24.528561963725142,42.875201377281236,0.9867653138978653,15,0.9869926949142079,0.19941208478788935,536.9328556234137,0.1206013428427333,2.7680090663934647,1547.1047647699115,1542.8217916960193,1560.297616331751,1560.8274956021537,2.7305836506596965,3.377252275124251,0,0,0,0,M039,2.88,battery
9.1,0,24.459337380222365,47.010887281000095,0.9866186544735737,16,1.106827540654187,1.033577989344808,497.8846592598382,0.04360310838618004,3.1489136361608216,1536.0993887416962,1546.8090511893995,1551.284053782103,1537.5962970757435,6.638731320751409,5.847873992509108,0,0,0,0,M039,2.88,battery
9.200000000000001,0,24.459831526111323,48.48600122336034,0.9864674794825116,16,0.9535301260298117,0.49911534864595136,499.0128131298689,0.28646586580481315,3.6223636241504145,1572.4344452066669,1527.7086520256496,1553.4743070465495,1569.5984157689923,2.081391606425309,2.18568311034291,0,0,0,0,M039,2.88,battery
9.3,0,24.25065475601129,41.04817395935028,0.9863234184361611,16,1.1793056939697588,0.14757170976403028,506.37253788561446,0.14214678334133218,3.1178828159557845,1535.4618480375045,1544.9766915222249,1560.6745167639076,1560.1005024925166,1.4737807097421711,3.580654073613842,0,0,0,0,M039,2.88,battery
9.4,0,24.616910541663653,42.297152340220826,0.9861760916813245,15,1.1630214772570815,0.7894866245955563,492.6476128787725,0.2802960589912963,3.0917488131432056,1542.1460916772305,1552.698656369169,1572.2110721225993,1551.9621086172308,2.314274831144834,2.8110513218129984,0,0,0,0,M039,2.88,battery
9.5,0,24.476533634083445,48.205183604177606,0.9860248051358785,15,0.9384231412756165,1.4496212383963756,554.0276741733436,0.10950844442378124,3.227033589314508,1570.4463538516518,1524.298074494163,1547.3092509609887,1516.8240565717929,1.0123746934110343,2.3852553443198015,0,0,0,0,M039,2.88,battery
9.600000000000001,0,24.2633116902621,45.09729965778915,0.9858795193474221,16,1.0644044090227072,1.6852898708405606,519.3019402090233,0.08314599086917812,3.43845247105842,1513.163065139822,1580.1324105676679,1565.2759105558962,1537.5770304602045,8.382664544409671,3.086113028834885,0,0,0,0,M039,2.88,battery
9.700000000000001,0,24.38668513609023,45.6112555762104,0.985730826501459,17,0.9008380250054427,0.26728633461657125,490.51903975606143,0.09535986725851517,3.1935365355687684,1571.7746832301136,1562.8366123460946,1556.7662260069296,1540.9605558170788,0.9476300516484355,3.2418005788398436,0,0,0,0,M039,2.88,battery
9.8,0,24.320951889015898,44.65454937121714,0.9855836115890753,16,0.9557086469912237,1.1163109655962469,519.6476494249877,0.19018058100802082,3.434181620972051,1570.162973592766,1511.4777749682326,1553.4495927626547,1563.4593950637566,4.5119763298797695,3.4111411320891634,0,0,0,0,M039,2.88,battery
9.9,0,24.486113377844536,45.020633105987834,0.9854386013592803,17,1.1213533353484204,0.7693194303803239,495.8070480069637,0.008780498154882138,3.5070099582450283,1528.9788284942836,1575.5857998772926,1533.8749127434512,1501.5531957973335,2.5726899632628584,2.5061245625867925,0,0,0,0,M039,2.88,battery
10.0,0,24.373175711164123,40.08820105914729,0.9852919821574876,15,1.0529227321827141,1.477088313383716,502.84704972180623,0.13836878246172685,3.2735978849368306,1559.1032320159934,1547.7370143643118,1541.6522811438738,1519.7478861696773,2.6885452612311176,4.884890036586992,0,0,0,0,M039,2.88,battery
10.100000000000001,0,24.478775624752917,39.53782117630557,0.9851493060858235,17,1.013366782468164,0.8739195155105076,514.4696664115971,0.11670494955286338,3.29162732784269,1546.4388913413707,1503.5506790079494,1556.0500328684045,1493.714775393871,3.975538229309962,4.454600893194042,0,0,0,0,M039,2.88,battery
10.200000000000001,0,24.407571232476283,42.85445342406881,0.9850058084607176,17,0.9569887806455998,0.6093946395852124,489.85327165086665,0.1552277505317805,3.166339712143243,1579.868115666376,1535.437877122624,1527.1774304394946,1523.6912670782046,1.6151037779787032,2.4951907304514274,0,0,0,0,M039,2.88,battery
10.3,0,24.225815748755636,45.50004190739481,0.984861181719539,15,1.211085777414597,0.5612052210551439,499.66311780743075,0.12834590739866567,3.2291076579749642,1543.2937809707119,1555.0750436848643,1527.1169250179537,1506.1486916170913,6.560075752636971,2.5588024193405223,0,0,0,0,M039,2.88,battery
10.4,0,24.42404528941604,43.24451062670769,0.9847122080551937,17,1.0772319896327511,1.8853130650876753,527.081516320185,0.042281579165010116,3.31078738624258,1520.574449936909,1560.0128051643565,1562.132175707104,1564.890469045064,2.6974421379043108,2.1584670239846706,0,0,0,0,M039,2.88,battery
10.5,0,24.253723751380612,42.082284442733524,0.9845635890210399,17,1.1154256108648999,1.4032798233604908,498.7617531119719,0.044616647856596366,2.6102955719112866,1544.5636040329687,1567.5433229058435,1525.930425869741,1529.8969783443715,1.1769377368214982,3.324793379670108,0,0,0,0,M039,2.88,battery
10.600000000000001,0,24.435585084031956,35.165232913459775,0.9844180281223496,15,1.1725874368671954,0.7677878745225102,543.9404614923992,0.06717038616965446,2.7066169886132676,1534.003151173461,1540.586082616121,1554.613506969886,1533.9237578790526,3.538058699651536,2.5684543643315267,0,0,0,0,M039,2.88,battery
10.700000000000001,0,24.314917406525655,39.90744188298063,0.9842766850711459,15,1.088504254691028,0.798068057742949,476.0063405792096,0.28342868680419997,3.081096719276172,1555.8722410368591,1543.9136758874288,1540.0585173211286,1542.4395390142506,3.0847509817549796,3.101825972601504,0,0,0,0,M039,2.88,battery
10.8,0,24.176188405212365,33.02694984875845,0.9841280159189905,15,1.145980301435336,0.8008127149231676,523.074643505765,0.07862062607275404,3.182452539365186,1535.8848800062385,1593.9740698278197,1574.7082067456595,1568.9474726440415,1.1840442658768986,5.014464298986521,0,0,0,0,M039,2.88,battery
10.9,0,24.533492362681333,38.17946624710441,0.9839770792650302,17,1.0467806601433698,1.5849818110058271,498.10756778172777,0.06855979835447457,3.5068686257652377,1572.7294710267533,1536.2999775598566,1541.8994894942673,1540.6676943508041,2.9067211812649774,2.6580420754253358,0,0,0,0,M039,2.88,battery
11.0,0,24.39414204273538,42.481693552154496,0.9838317774648163,17,0.9777535877110557,0.8733642386390659,539.222659654214,0.09999393779266386,3.126794432952429,1552.8486816274628,1506.1395424406394,1555.167049499213,1541.2525875688486,3.4319156562601147,1.5440416429861592,0,0,0,0,M039,2.88,battery
11.100000000000001,0,24.214033041264578,42.31464876683767,0.9836789640720563,15,0.8894590460652859,0.11948095764298672,517.8169854206579,0.15286354262946023,3.3692328918771723,1518.6815259215653,1585.5861330836199,1529.0666905996898,1593.4656771294412,1.442348666221421,4.241425458662648,0,0,0,0,M039,2.88,battery
11.200000000000001,0,24.3742785270567,38.27515145585598,0.9835354477479108,17,1.0150654467356397,0.07250370489564284,526.0089613182201,0.08106784163067562,3.2054251390625246,1619.4257403334468,1540.8705925111042,1512.3021480915722,1532.9326926776282,1.6110923990419068,4.62097434354309,0,0,0,0,M039,2.88,battery
11.3,0,24.23655580489857,40.87826136207799,0.983397205846152,17,0.9468724169063175,0.5028259863656628,494.87244294329577,0.13544459476109713,3.468978967767838,1539.9815905778216,1540.4980726781396,1554.1958277890915,1569.3381442514785,6.660569071434074,3.0643580292498003,0,0,0,0,M039,2.88,battery
11.4,0,24.25387661246692,40.24004714018295,0.9832531495757315,16,1.1768740778914282,1.3783125444564182,510.2102215578621,0.05630653915131706,3.330850354075639,1552.2466501640858,1579.5571730585682,1548.3658383473166,1550.3651754822558,1.010668950385281,5.59306183396117,0,0,0,0,M039,2.88,battery
11.5,0,24.392001044773078,46.908076151938985,0.9831048452611312,16,0.8612731161723679,0.29083376835196717,512.41426482871,0.1265340513212577,3.562651404277048,1578.1513812380736,1556.0618245825754,1594.5961562343766,1563.6554991432195,1.6209029146616294,2.6024190206579143,0,0,0,0,M039,2.88,battery
11.600000000000001,0,24.47236392931984,44.43821712675255,0.9829628780971682,17,0.8622488467395185,0.5028812661527046,524.428814146608,0.1432183132337029,3.3127789330187567,1525.4013559039072,1537.227017344897,1568.042093209175,1524.8143925527033,2.7388573020372826,3.14599984455893,0,0,0,0,M039,2.88,battery
11.700000000000001,0,24.487772269828852,40.43884265549298,0.9828289518447952,17,1.0076605472399616,1.2103347545016228,511.7277812656594,0.09899949739699995,3.5369860749896715,1524.4262169004314,1546.707297177262,1527.1041487500668,1535.8324675765666,4.781593188429666,3.830864685761484,0,0,0,0,M039,2.88,battery
11.8,0,24.51114687324753,43.18341958571146,0.9826820942132325,16,0.9553617369773691,0.8341687811764125,513.7668461793737,0.2395773089020951,3.961223250363277,1544.6558712654185,1533.607148362019,1549.3277601113034,1519.543587295245,4.84213781417006,1.8739853815704188,0,0,0,0,M039,2.88,battery
11.9,0,24.469914220161307,44.46864326374632,0.9825331234613058,17,1.016664825442439,0.3481892417062195,518.7524301190776,0.163418833817366,4.150643835965194,1568.9324952669438,1548.9415599446966,1549.5286066140116,1545.6850105811845,5.891314583955768,4.201467528817642,0,0,0,0,M039,2.88,battery
12.0,0,24.594659665549013,43.409328643074474,0.9823880079911753,17,0.9424060364561877,1.0805933496691837,488.4095678828176,0.10584883373689509,4.241681294134862,1577.0670620143753,1528.055515434181,1558.1758416081839,1541.0572951710462,2.558424446846948,3.9932618382153153,0,0,0,0,M039,2.88,battery
12.100000000000001,0,24.414724851377393,33.092708216367775,0.9822418981935849,17,0.9315820281889822,0.36846770298502957,504.73062211503907,0.08187619386025022,4.204529165701033,1523.2352422601596,1571.3589862173933,1559.5299028349436,1570.5365051549597,1.4668544456610302,5.81136462632192,0,0,0,0,M039,2.88,battery
12.200000000000001,0,24.371997813854595,42.0699598649523,0.9820977874407353,15,0.9584544326122311,1.518158984810637,497.89462308895736,0.1798599014119585,4.393375350940453,1544.74930661457,1520.1190722746198,1542.7094299799367,1507.789013033353,1.2551884148493022,2.451910713917822,0,0,0,0,M039,2.88,battery
12.3,0,24.45744028247627,42.20255738229432,0.9819548165511957,16,0.9079670862923096,0.018188361245136554,494.4129304913924,0.02707366800282908,4.427174103243968,1527.9206782462786,1537.3586944141496,1538.39706503359,1561.937248978274,0.9056712789957928,3.5669769173667665,0,0,0,0,M039,2.88,battery
12.4,0,24.40032494771152,39.86064674434107,0.9818094153711356,15,1.0412104937627271,0.8851389802454498,491.668794683056,0.08758942911450085,4.586648870754009,1552.959209226895,1525.0001657212201,1568.7586141243175,1501.2242272249273,0.7363036049262209,4.080909315515473,0,0,0,0,M039,2.88,battery
12.5,0,24.378162699502372,36.93802850414419,0.9816687437553848,17,0.8632235945439424,0.6031288171950124,486.3390270564351,0.24271866177986093,4.464752674279254,1522.4774242767012,1519.6033796261702,1553.2691272871932,1552.873706787935,2.858163734312292,3.3499078186642364,0,0,0,0,M039,2.88,battery
12.600000000000001,0,24.23511357180062,45.22222185805548,0.9815208531425142,16,0.9805002055900314,1.4009701053803556,504.5296075797646,0.03626902321975348,4.256819632762821,1566.175773594847,1535.9227472708735,1581.9596254926907,1508.0351853817876,4.47994432893101,5.760800290342848,0,0,0,0,M039,2.88,battery
12.700000000000001,0,24.415813157556833,43.0096980027888,0.9813734313238636,15,0.8988843295458745,0.10431605593609156,475.351577132181,0.1362803331175045,3.9294901834696967,1492.8880371875764,1555.287513407478,1511.116366617802,1495.3761286369265,3.114861724730184,3.4614069853714606,0,0,0,0,M039,2.88,battery
12.8,0,24.349100255134868,48.767003586727924,0.9812258904845357,15,0.9772738327680704,0.6598194642511804,494.6137351259117,0.06284494134291113,4.0226921038088195,1565.7501034321156,1595.177359187334,1562.0155706745352,1557.0817038630883,2.3885026090216455,4.09099705461083,0,0,0,0,M039,2.88,battery
12.9,0,24.396016402152707,41.07796580603608,0.9810809106328952,17,1.0879958401665972,0.40236897394644633,498.72826639954104,0.20356824700703066,3.9556334313347663,1564.023408355837,1558.1697136712376,1502.0754824611402,1586.1316717793973,5.38956377799376,4.7209266865127955,0,0,0,0,M039,2.88,battery
13.0,0,24.20727513407968,43.10023714892357,0.9809352276826101,17,0.9003436216119154,0.3163289119631796,507.1470841693041,0.1079074691415961,4.157841478751793,1519.1031584343434,1507.357537765777,1581.1857948916165,1512.6017371549008,11.17750211612617,4.846094059474395,0,0,0,0,M039,2.88,battery
13.100000000000001,0,24.410023818297805,44.109959198427724,0.980785522861837,17,1.0129806723759138,0.564722880058719,502.719991117547,0.1071304693427186,4.555909448572162,1522.3303597627155,1571.422902765846,1544.0881710695016,1568.0418196028838,5.850470642849438,3.1421007606232885,0,0,0,0,M039,2.88,battery
13.200000000000001,0,24.38072820928975,46.742643156863494,0.9806368067415037,15,0.9494279911310773,0.4279571981881288,488.9910323725562,0.41071052286429105,4.5253733750241745,1586.3205561179632,1555.1419772814843,1542.7189247840834,1531.9427599750447,6.270220128150182,3.5159734077188345,0,0,0,0,M039,2.88,battery
13.3,0,24.24660121913983,53.20766228527028,0.9804866938831804,17,0.8654673930225262,1.2121353704591964,501.36567251849226,0.12210541223612768,4.639257140885228,1541.352188660092,1570.9217589530983,1537.4124265484852,1601.9156869423514,1.651171430287861,5.253577389176847,0,0,0,0,M039,2.88,battery
13.4,0,24.6255009521595,42.48472715949995,0.9803430636299074,15,1.1338763208638554,0.8892341150810812,523.0806598746078,0.12347393136151243,4.513062033949182,1561.3581223190854,1572.240257373776,1522.4929366658857,1568.3047720293546,2.850809431629343,2.0374719609828893,0,0,0,0,M039,2.88,battery
13.5,0,24.44486407539948,38.82152775236861,0.980202095915532,16,0.9980285801496585,0.5559250994942362,482.9852232723116,0.033742134464712345,4.496185396098058,1575.501011945735,1540.0655812826699,1558.1405380250415,1525.1388842606289,2.204243761327729,3.424411943574415,0,0,0,0,M039,2.88,battery
13.600000000000001,0,24.198121909082552,42.90428587977802,0.9800547829027287,15,0.9679129514778054,0.3821405525780594,501.5948653123292,0.19706519417903204,3.9987440873025237,1557.1471361592817,1533.367239614535,1539.5680883552207,1580.7082175275941,2.672966392976341,3.9825256287696376,0,0,0,0,M039,2.88,battery
13.700000000000001,0,24.16871792379672,41.57300610073701,0.9799029938255545,16,0.9147766436219686,0.1967542282739425,487.00071645422673,0.05853464835486326,4.366615169906743,1572.81736693695,1544.0752883110083,1559.2441400506152,1555.3983073114389,3.797270699129435,4.124569887568585,0,0,0,0,M039,2.88,battery
13.8,0,24.140884313764712,41.07859241212011,0.979748490532856,15,1.1050185336167342,1.0278036672265225,494.54568321153477,0.07888847685371662,4.041864721810474,1538.0475409862718,1541.7458419147547,1520.3205562753667,1510.655780813133,2.623129857526064,3.399498479252765,0,0,0,0,M039,2.88,battery
13.9,0,24.500847830756936,38.4245486137201,0.9796070608473189,15,0.9526063218520731,0.9699624766192109,507.5039934312942,0.3377476140425868,4.230240174944247,1551.0904522995143,1595.8404563913207,1528.510790637375,1526.7790146773393,3.8528010800028722,3.8135797163903913,0,0,0,0,M039,2.88,battery
14.0,0,24.099081240946823,45.12633997636696,0.9794600036736437,15,1.0430567582898966,1.1405611059856688,523.0185006525154,0.11371997990519368,4.693900358429224,1570.3234156012782,1581.022114165967,1542.1109308106156,1559.3428516760937,4.469380364027939,4.3623501401780445,0,0,0,0,M039,2.88,battery
14.100000000000001,0,24.48972389617959,48.658990580834356,0.9793114084800348,15,1.0459198138927452,0.427739737522221,494.3057243158366,0.09578690030412984,4.958194603208175,1539.8035392864606,1539.77502347919,1564.3671826487953,1574.1630873126207,5.772811476525728,4.986510211762477,0,0,0,0,M039,2.88,battery
14.200000000000001,0,24.436307652974246,38.489572231132165,0.9791659216201277,15,0.9145939861230238,0.38136469575382204,514.1394961161232,0.17800881545049055,4.644928936746227,1567.8541257952095,1602.0650756476525,1507.2263668265837,1570.3576267461335,1.0529963613921467,3.4741277036462446,0,0,0,0,M039,2.88,battery
14.3,0,24.462069386238934,44.06433839116228,0.979019383681949,16,0.8378583807044374,0.3168919930922527,543.4332754083179,0.07877657803696349,4.640927056710421,1554.935579370601,1563.867674290352,1539.7144658425777,1537.2827223189786,0.6650454259517544,1.8994739762514032,0,0,0,0,M039,2.88,battery
14.4,0,24.47504218084524,40.81731692724849,0.9788725893637018,15,1.1004266089352608,0.5972277427263541,491.2567565702657,0.15074860516155364,4.236093460166974,1492.0226222469914,1531.841556411454,1568.1757046152961,1539.149309316789,2.8773592260457694,4.183918657169606,0,0,0,0,M039,2.88,battery
14.5,0,24.22429287185577,43.28155702292424,0.9787199540244829,15,0.9470937326911655,1.1929869552806978,516.3702457545722,0.07509200516273876,3.9725578974920563,1566.0474518139845,1522.380156445173,1581.2826613855275,1557.0511506968514,0.8674010028406023,3.085848462852991,0,0,0,0,M039,2.88,battery
14.600000000000001,0,24.362882400565038,39.753335118357555,0.9785753504284047,15,1.1063132461479164,0.4470916927601155,522.2354860560766,0.13250585037932208,4.342539081267104,1564.0913026615938,1576.184922879419,1575.6799299509732,1568.6785048013023,3.338631975295224,3.049955151245063,0,0,0,0,M039,2.88,battery
14.700000000000001,0,24.404721114382433,45.626872965847284,0.9784286097957959,15,0.9255038514201186,0.5997203133011794,489.8858252282045,0.1588045962377459,3.973358580784556,1558.1659778758406,1554.1801816290306,1533.4435431076563,1580.705004716227,2.334131745067347,4.565512929491586,0,0,0,0,M039,2.88,battery
14.8,0,24.268435930230904,41.29341915200635,0.9782848690309627,15,1.1056021132970404,1.1904872871213348,488.6778215158702,0.14973711791132033,3.7913529118068374,1527.6832551322927,1544.9085348107515,1544.4534346809153,1538.7234866760652,0.996399556429075,3.463994707819876,0,0,0,0,M039,2.88,battery
14.9,0,24.371724467280984,39.633411414761554,0.9781375840596035,15,0.970923113784622,0.2629289704846352,499.271872502171,0.08126742621595343,3.4734285780823826,1564.3665933919592,1525.199964753529,1558.513856483407,1523.6452366387578,3.294771740036272,2.8505712593768964,0,0,0,0,M039,2.88,battery
15.0,0,24.30526323748476,43.19878783466283,0.9779878028497245,17,0.8106741463097997,0.7143853039704393,519.341573569463,0.18063405943833472,3.2668234854721936,1528.6086473920222,1532.7827282429892,1585.3312938307506,1551.8242608951425,2.6339472736586798,1.846267080362772,0,0,0,0,M039,2.88,battery
15.100000000000001,0,24.277471097907597,43.88137708475639,0.9778480048695365,16,0.8503772602262747,0.2994881734103828,499.638019083559,0.22607526568225086,3.247931509719914,1559.9719683918004,1508.3438072931506,1535.6503286519805,1560.7308918346057,4.953548923576672,4.337446948866194,0,0,0,0,M039,2.88,battery
15.200000000000001,0,24.319584722551692,45.41268914837944,0.9776941336356874,16,1.2257315476885773,1.5636720572818446,481.5832987290488,0.13149982766926072,2.8025861947058166,1560.4836957798775,1551.997725503722,1515.7875921976142,1558.1143381593477,0.6368297392122488,3.4036497917878785,0,0,0,0,M039,2.88,battery
15.3,0,24.44035759336022,41.047297404113166,0.9775518317014447,16,0.9383133379719528,0.627953109053524,501.2834071761041,0.06703677493947849,2.9294022084608775,1545.9499631624353,1554.2176310778314,1515.799523587638,1524.2714492591472,3.5336109606937214,3.7315193436890213,0,0,0,0,M039,2.88,battery
15.4,0,24.391793265673993,43.27202140317835,0.977408476613278,15,0.9972865262188879,0.0874661720002284,489.2791371715104,0.1080262016028395,3.3572096968528657,1564.3503547120204,1572.0759796569278,1529.1880671309266,1520.784851715633,2.5572829425441226,2.4931706170522503,0,0,0,0,M039,2.88,battery
15.5,0,24.306656326905625,49.19441472499442,0.9772577577562225,17,1.0539464165644858,0.9118611576777929,497.5189764118179,0.2261642759710174,3.427784086345458,1556.1753230863997,1562.3759713066268,1512.3011564161257,1519.7351211982862,0.5438226799836176,2.60058371596074,0,0,0,0,M039,2.88,battery
15.600000000000001,0,24.397762582238535,37.90306856582256,0.977110926194167,17,1.1472465969969687,1.5850927330476923,499.2906357462302,0.19319187671431975,3.0636076411762097,1575.3870114416566,1610.0433523719232,1559.9616680356808,1557.6033950573028,2.57457259180134,2.5149322867615056,0,0,0,0,M039,2.88,battery
15.700000000000001,0,24.390357316109725,43.944011008653824,0.9769625248521557,15,0.8781873747706059,0.7169687079985164,487.29412544550036,0.2745123331431666,2.958968074381544,1543.208604350474,1596.956140773578,1568.1585278836385,1582.1496656661143,2.300251093702503,3.637211339240381,0,0,0,0,M039,2.88,battery
15.8,0,24.29452293139185,37.07999456441824,0.9768138854706043,15,0.9991681850339329,0.47727703587033576,497.0176393276108,0.051040501043433745,3.16757717305782,1557.880710567104,1580.2379519118629,1507.8293739962419,1571.51318203153,3.8593581282465577,2.481943392623201,0,0,0,0,M039,2.88,battery
15.9,0,24.34560144103257,40.580707809908986,0.9766704279995568,15,0.9414119829231343,1.0529044598129689,509.0811395053303,0.09850699910944277,3.2146562177048548,1490.0562845737238,1538.9441909499599,1543.683597165294,1534.3055724133797,0.8876018664992071,2.2622574798028765,0,0,0,0,M039,2.88,battery
16.0,0,24.25597446812624,45.87588829802557,0.9765184946112839,17,1.1327729213442501,0.9615699066112742,515.3787522700746,0.06991114397708288,3.0428732936245795,1565.844538399328,1558.7793084904295,1527.5440078707502,1519.2267109561799,2.438500864533013,4.566853221089586,0,0,0,0,M039,2.88,battery
16.1,0,24.411699151050776,44.59819516252575,0.9763707274127542,16,1.1260627335110767,0.5464845409453992,478.191820731299,0.2939143193228295,3.5339634470263848,1562.9134663546922,1532.7824539630165,1582.1157192832063,1586.4283277797754,2.1652164173029687,3.668733260605672,0,0,0,0,M039,2.88,battery
16.2,0,24.05368531480777,41.106860091343044,0.9762252000373703,17,0.989496516757995,0.3444979921171075,491.4175854080371,0.1511618294294386,3.419547255728081,1547.334609498799,1537.2528039497402,1563.2327829363612,1579.574635399583,0.4087684247359187,5.367973321006941,0,0,0,0,M039,2.88,battery
16.3,0,24.292382553797033,39.68991798295881,0.9760825269659648,16,0.8745163778997926,0.32028727127571743,521.4151289149097,0.18185166472051562,3.6222714966925187,1563.3568677928643,1534.2452485445713,1551.9818492736415,1585.702371397792,3.0005567359473435,4.889123947072131,0,0,0,0,M039,2.88,battery
16.400000000000002,0,24.359651204718908,41.611077612369336,0.9759380748236512,16,0.9359918330220184,0.5477488606805765,486.6242615054775,0.05995109158560614,3.744217693907592,1558.0570961335561,1563.181459931524,1608.4546993943752,1518.3169203714326,1.8272016350422942,6.272271480981797,0,0,0,0,M039,2.88,battery
16.5,0,24.353996253583617,40.009341928900376,0.9757987218037492,17,1.0360639665413416,0.45297266985168927,489.411578274976,0.16201603061023476,3.87747355858968,1558.324260543369,1594.305207669023,1525.8672044875539,1529.5946252723304,2.315706925241982,3.4237094108285206,0,0,0,0,M039,2.88,battery
16.6,0,24.362337650913172,42.53813802144787,0.9756543690392591,17,0.9793360414808898,0.40000518588316547,495.13671067839203,0.08554641700232712,4.056586813770324,1579.6516359122247,1537.750155521622,1547.408860728313,1558.827233178012,3.973265815922008,4.468901282840621,0,0,0,0,M039,2.88,battery
16.7,0,24.44399311081,33.853802434042265,0.9755120837436306,15,0.8554481484123809,0.6873462128317508,517.4311230035026,0.1507770498361965,3.6458390512683643,1565.0144316797566,1530.7813879205034,1541.2970704336178,1590.5197644158616,1.09033634314189,4.368153292066266,0,0,0,0,M039,2.88,battery
16.8,0,24.309024671252438,49.53711760341002,0.9753647873257716,15,0.8865343819635167,0.1725431231694724,525.2603086607273,0.036519921834094436,3.639391625543927,1515.95329055104,1573.1982472872073,1561.7679973332838,1524.9761528279591,2.4517893731500617,5.281745206108203,0,0,0,0,M039,2.88,battery
16.900000000000002,0,24.64530646650365,39.86053818999093,0.9752115008640551,17,0.8671813892187094,0.1969656897847118,512.067098067947,0.15430899568194795,3.5640798089687693,1508.1866125302474,1519.0385811756505,1576.215967470687,1529.63573207562,3.340015505889569,3.8850309501664926,0,0,0,0,M039,2.88,battery
17.0,0,24.32404322870356,45.67750406114205,0.9750628307561323,15,0.9750531569449449,0.6857200215790108,520.0973671642812,0.06429402645975309,3.7612629233782355,1570.482970264896,1537.9023245911376,1550.1745623441627,1577.9957367369677,3.0038450455773673,3.6192360000954062,0,0,0,0,M039,2.88,battery
17.1,0,24.260327368490284,47.186909309315354,0.9749090998511554,17,1.1560031018946644,0.649109397928153,496.70261448943984,0.16421181900094084,3.8078006593761535,1524.0882226330643,1538.420814013612,1515.3720453620524,1532.247165980853,5.337204599688409,2.1391889445672434,0,0,0,0,M039,2.88,battery
17.2,0,24.318081458542263,34.9165869524185,0.9747733206429389,17,0.926077556186643,0.8967815389073177,501.55469079810706,0.1423441525679346,3.822512120722533,1561.814579395135,1549.8082878508783,1514.709888863915,1552.7175268342257,0.29904624680775066,1.3144928321064422,0,0,0,0,M039,2.88,battery
17.3,0,24.45172491731892,45.101636853035586,0.9746257628171535,16,1.1549492676348416,1.8023695732370477,512.0150906872045,0.15501245791225282,3.866979963580163,1570.1477717371386,1490.442131850694,1560.9538715340643,1550.4565225955782,3.9570179174954783,1.9154159437166391,0,0,0,0,M039,2.88,battery
17.400000000000002,0,24.48538898502796,39.93125815624829,0.9744735545366492,16,0.8697181882269315,0.4739547992251674,523.4365215406757,0.017403290267418173,4.429945720476482,1577.45200232807,1528.6017590888455,1553.1345052177116,1575.6070412612019,4.614347388440984,0.6690234715982587,0,0,0,0,M039,2.88,battery
17.5,0,24.430901450130307,50.60441233180817,0.9743176145763361,17,1.1143672686020165,0.45872253874197877,513.2126393162977,0.09070146418266092,4.269416653891486,1510.6485949622693,1489.060172618007,1568.6202366400773,1546.704622665484,2.470919797557075,3.12570741557586,0,0,0,0,M039,2.88,battery
17.6,0,24.299842063015145,42.92979339042094,0.9741712399058591,17,0.9886104019165525,0.24352408582482352,493.66360758503987,0.20254483993075445,4.181461001629748,1532.954752892409,1575.1785291321864,1524.5578415111004,1558.4432505979557,5.45270438432885,2.552368882540361,0,0,0,0,M039,2.88,battery
17.7,0,24.32244909539836,37.16964386540786,0.9740284444661753,16,0.8515834641889717,0.8490009149857516,498.3754574996773,0.0583527483216163,4.087563158191591,1573.3781688428965,1580.6451267767463,1546.911316176046,1493.7137158545331,3.5058256103055228,3.382771843075629,0,0,0,0,M039,2.88,battery
17.8,0,24.087241303093748,44.73560512118168,0.9738768820912809,15,1.0639882773856058,0.30481638691616286,490.4470072827958,0.009689272655545558,4.213827455392261,1542.9048154860254,1533.7462370917028,1587.1395548615963,1567.5618115322009,5.689879132494577,3.3530781235794596,0,0,0,0,M039,2.88,battery
17.900000000000002,0,24.287922315719843,42.571253027496894,0.9737324262380646,16,1.062675027692479,0.7557912640309932,476.1419156862972,0.0129647346845662,4.058793237405772,1566.113131598242,1574.1862880972176,1537.7022289942308,1538.2663615424626,1.5383325050809527,4.730119776243894,0,0,0,0,M039,2.88,battery
18.0,0,24.281712650952137,43.78698115480181,0.9735868642454243,15,0.8815991166942944,0.7205407203293852,512.0116464399041,0.18051267509001984,4.034289845339311,1525.8655783195388,1583.6253078259926,1533.893283829342,1565.507645328904,1.917841720141463,4.309019096596156,0,0,0,0,M039,2.88,battery
18.1,0,24.37536640413137,41.01552616653693,0.9734377397851898,15,0.9174596340373797,0.7859110645203772,491.5170523700022,0.15943010294481846,3.9214312170065857,1553.3535183539914,1517.8411896231132,1541.691074625861,1574.0115472112802,5.869699606326851,6.337245324296536,0,0,0,0,M039,2.88,battery
18.2,0,24.375186703144706,38.84685852812693,0.9732946712588999,17,0.8442080650643282,0.3041557872929523,541.2180086539486,0.08253773479043229,4.121175515430087,1560.875822179106,1552.844745365413,1546.2894225845241,1543.9316105562054,2.142931411094274,2.5197802329203554,0,0,0,0,M039,2.88,battery
18.3,0,24.168739082982558,42.62159807335052,0.9731490211495617,15,0.9137208239009716,0.5322363554281373,537.1704551998139,0.0463341015456498,3.8021542402275768,1565.7941824948634,1565.610136830954,1546.9401230551616,1551.6572295006554,1.4474600920026242,1.921800211205407,0,0,0,0,M039,2.88,battery
18.400000000000002,0,24.317270564884094,41.764012973120636,0.9729969747184531,15,0.8044942319950764,0.5953033486244425,498.8806236274201,0.16656336908975386,4.040867078745844,1572.267436870714,1544.6202575395737,1558.280685106723,1510.2837730152637,0.6564588421839639,5.167335058145245,0,0,0,0,M039,2.88,battery
18.5,0,24.25464860869255,42.36876044098686,0.9728543347814744,15,1.3234755463138013,1.0179312368434186,505.1281994543242,0.022252915001915438,3.8697574715860346,1496.8936319179963,1595.4138373204332,1573.6213132910693,1497.6866233944406,2.820208568178554,3.5328151523248623,0,0,0,0,M039,2.88,battery
18.6,0,24.244061538808793,43.03016731312137,0.9727103309876727,15,0.8866731155694271,2.0001901810197715,504.6952978394809,0.04775741148034906,4.040243116594363,1491.3324803096193,1551.9453802621485,1550.840219185424,1573.3872234254197,2.997917138229864,4.615233839056612,0,0,0,0,M039,2.88,battery
18.7,0,24.438657588947596,44.59570201214069,0.9725623651476084,17,1.1487461490797817,1.1684417907739268,515.9380750812053,0.05374724215915667,3.82768583862716,1537.7228338327313,1549.4543054860198,1591.9341788537788,1567.7201867324295,3.609071073902805,5.535380321766095,0,0,0,0,M039,2.88,battery
18.8,0,24.480360860434015,45.632556730641326,0.972413327041385,16,1.0289684681481364,0.49148244118570367,480.4708983015904,0.15210205289102424,3.4213679587525716,1532.184336828515,1534.051729621786,1558.4750595289377,1552.9850896209175,1.344561275094826,5.495682596182437,0,0,0,0,M039,2.88,battery
18.900000000000002,0,24.25372930410592,41.60768793162178,0.9722659276909831,15,0.8221331777241025,0.42429351582871366,491.6290297337113,0.28757939895816464,3.4891833988024215,1533.4680756838077,1516.6510682766586,1515.7172907902236,1555.8134354910644,1.0613265259239477,4.7075889924880965,0,0,0,0,M039,2.88,battery
19.0,0,24.583277954128683,40.2848703231736,0.9721270741220508,16,0.849434408099944,0.5099043115728452,477.92116528496877,0.12995304393721374,3.7277489649477946,1539.1866235656134,1544.8873526033115,1525.0030678871826,1581.9464542921578,4.717562360478612,2.094502227153739,0,0,0,0,M039,2.88,battery
19.1,0,24.392638813266526,33.979889227968215,0.9719886038681899,17,0.9598648468263253,0.8990394908585668,489.2841077998509,0.27183340539992,3.7222526167538676,1552.4082734320746,1549.7623550466856,1556.1366577836689,1559.6533939630303,3.481085973474829,3.0190187719812087,0,0,0,0,M039,2.88,battery
19.200000000000003,0,24.297904304705703,38.35754330083003,0.9718367820633923,15,0.9306349551236244,0.35684180078772143,513.1086367286001,0.09077941624775061,3.695789770320803,1543.96781850588,1546.732594434581,1496.3072390455523,1518.3197222723288,3.5466030653188536,3.7600515522641653,0,0,0,0,M039,2.88,battery
19.3,0,24.393935867283588,46.488115116990954,0.9716886760965602,16,0.9222228894223286,0.08741800949590614,495.2051300673219,0.07460459160984807,3.8958901412739153,1539.2540456682632,1599.9645393808723,1525.314908446072,1528.440056704516,2.7119972658137472,4.05074296510182,0,0,0,0,M039,2.88,battery
19.400000000000002,0,24.300934825688188,48.55014615962093,0.9715457085000793,15,0.9334723751380444,0.5099301488297342,501.34639691353107,0.03882263510751884,3.927820046023685,1532.4197788625422,1531.4456896216986,1596.3817993681625,1530.22810661183,1.352524289468294,3.0418933900623335,0,0,0,0,M039,2.88,battery
19.5,0,24.10692641001578,41.64684818587746,0.971399178636844,15,0.9730071453367489,1.0656759586654392,505.91714664295625,0.15577048665088516,3.843001179877791,1548.8473146988476,1566.0252108708967,1579.7217993594231,1521.8554326655094,1.3825849854469172,3.3372784048400885,0,0,0,0,M039,2.88,battery
19.6,0,24.192394497488337,42.04368975692704,0.9712599068358627,16,0.8576209073146565,0.36687654859302005,462.3010860119786,0.10437853926761269,3.968900176841334,1534.4660088780934,1512.4421837485359,1525.8469535830063,1520.010655955235,1.8079347266223469,3.8733063325806927,0,0,0,0,M039,2.88,battery
19.700000000000003,0,24.110172679331633,38.9167012153432,0.9711137911483876,17,0.8997930449894472,1.2381981904596566,508.16483357982594,0.020100044525051285,3.5754993698717827,1504.1474062805255,1567.8276392454309,1566.6720244179528,1552.5409644658175,0.8333171805453765,2.8617967275554044,0,0,0,0,M039,2.88,battery
19.8,0,24.273568790510726,39.95372752838727,0.9709764053624831,16,0.9592551106712384,0.28926225433031183,488.35979023593313,0.057481622799340076,3.5073514562692942,1546.4649534940177,1600.4480748547078,1566.2045727235989,1510.4588502099957,1.8700379916720968,2.9970361706754884,0,0,0,0,M039,2.88,battery
19.900000000000002,0,24.173330220473108,41.20637171841278,0.9708289033513564,15,1.1588259376192944,1.2784621408632237,557.1927088252955,0.06822584785015347,3.267099671742504,1553.6123688792877,1572.4478744649534,1523.6347859070108,1549.9917351464856,3.8182061022501967,4.084818358748646,0,0,0,0,M039,2.88,battery
20.0,0,24.370298166737978,38.2485053883677,0.9706786997812851,17,0.8953476354046868,1.1133076486969444,471.4171761290232,0.026566641683606354,3.5994581709569466,1544.3601755621432,1539.6758096025846,1558.3564476962044,1569.3504927256838,2.440195710417995,3.3611676566783872,0,0,0,0,M039,2.88,battery
20.1,0,24.210230229295355,37.599825406923735,0.9705305967853209,15,0.9777475884429886,0.2833493754291613,487.8520966272685,0.08115342684854984,3.805777007916959,1527.0185707187359,1550.4940505217248,1546.526712174017,1517.8898316620928,4.690493639837279,3.327482294782548,0,0,0,0,M039,2.88,battery
20.200000000000003,0,24.441599576996005,43.5247114411992,0.9703817119092328,15,0.8228704466654143,1.374148792761423,517.385670479842,0.040907552732639574,4.002114522976406,1565.474259910736,1551.2626566864647,1540.0875054999797,1525.1263665026042,2.6635841300587733,2.0416901663327263,0,0,0,0,M039,2.88,battery
20.3,0,24.32902407200807,40.57854823142252,0.9702389793799662,16,0.9449205032849293,0.9057461689296188,524.1077656051409,0.052076064846258444,4.49868878975707,1525.960047899633,1547.728142748089,1559.85787981659,1536.2706364936275,2.9273253312557053,3.5614675119733947,0,0,0,0,M039,2.88,battery
20.400000000000002,0,24.193512235280906,46.87129359691297,0.9700925157520747,16,0.8563579308198316,1.2497840652109597,508.19129095979065,0.06482606419508685,4.721262023599025,1533.8110714262173,1587.4598644651126,1619.8155211986063,1518.3199659403813,1.4476059129500336,4.871136107190285,0,0,0,0,M039,2.88,battery
20.5,0,24.283027728709897,41.40788517332185,0.9699395822332486,16,1.0308035414296715,1.5491753127562113,491.85337584291904,0.16666510392404604,4.537743222404218,1556.6932412337,1575.6543509582239,1549.6776208275392,1576.9689031194412,2.300281768435237,4.100565107945431,0,0,0,0,M039,2.88,battery
20.6,0,24.503048917070892,42.48366886348106,0.9697975266773702,15,1.1151480801198617,0.25602670225622093,474.8698380891903,0.10009165371480336,4.800315916042937,1551.4455742166776,1580.339368972221,1586.6035971894976,1537.8380575854503,2.6283086985903448,3.181606779107126,0,0,0,0,M039,2.88,battery
20.700000000000003,0,24.371685921271872,38.27395976589276,0.9696541067590473,15,1.196559347051556,0.4237315803528635,512.1459435134637,0.07458764348111406,5.122361614402955,1550.49632517594,1537.2569400543084,1562.6880455021185,1530.4167823782193,0.577150286612173,2.841601225965684,0,0,0,0,M039,2.88,battery
20.8,0,24.55454889461827,38.368807890867316,0.9695108983621258,16,0.9342590938712553,0.15652874484733978,459.75770160178456,0.06458437070049323,5.394386166229813,1524.211146800023,1534.0785168720897,1536.6274673395449,1563.4064669452632,7.583182222991851,3.970915025664681,0,0,0,0,M039,2.88,battery
20.900000000000002,0,24.26752692702692,44.48340882909001,0.9693593627540953,16,0.9907867714898411,0.9004184222839582,481.5648571025279,0.09978671542654953,5.490138698307575,1529.958797061466,1561.3995799050638,1533.079784388481,1540.2233756511755,0.6362371991716952,1.7710293908717967,0,0,0,0,M039,2.88,battery
21.0,0,24.46533251249755,36.339443100816055,0.9692201486052268,16,1.0024949395435596,0.3271346532896053,497.93380121078627,0.07075736562126228,5.18003924713337,1531.1968038363532,1536.5577946753833,1562.363334388681,1555.6878888274632,1.641294723164149,5.2770096434954095,0,0,0,0,M039,2.88,battery
21.1,0,24.189505676024414,43.1673732177787,0.9690779297267745,17,0.9677366206378892,0.9467351629293173,498.99578786832654,0.047005374265086386,5.195248568652107,1566.1285461030918,1526.5949128649559,1572.4451287619033,1568.1428821567388,0.3978229363636459,3.2162521630769985,0,0,0,0,M039,2.88,battery
21.200000000000003,0,24.41151596166102,43.109671137010125,0.9689250922943966,16,0.9450114370084247,0.4206203975666967,485.8108251878673,0.11085776304398784,5.007627209626238,1525.4216887135913,1568.1924771482568,1506.8810844339578,1522.1652122181006,0.1664865272771712,1.8401243840950183,0,0,0,0,M039,2.88,battery
21.3,0,24.3841784613381,45.47275786139452,0.9687771443941042,15,0.9953221593124408,0.7604486223113546,499.72634120424016,0.21374163137521468,5.1042674155651095,1525.3894537584051,1544.3788176111443,1572.7898413140367,1557.3237795818768,1.095787341182274,2.2789532686073133,0,0,0,0,M039,2.88,battery
21.400000000000002,0,24.124410173367203,40.65076478507583,0.9686236517346829,16,1.4374082944323763,0.6309653260521757,502.7697426468678,0.07887226025809142,5.3342012654645155,1580.383379129243,1597.748744626306,1530.2984653861552,1550.6571392095395,2.7343430132525697,3.072463987921845,0,0,0,0,M039,2.88,battery
21.5,0,24.584341697052814,36.83772300882083,0.9684831806671561,17,1.146481512735162,1.4918939429824645,489.78946497706244,0.007103498364712637,5.287408997817817,1557.744425293794,1572.2459677850748,1528.9663604671202,1562.569371701473,3.0257357973547823,3.11045474440032,0,0,0,0,M039,2.88,battery
21.6,0,24.43201504564224,41.12869325650732,0.9683343678042573,15,1.0781857792733458,0.3795805146839867,489.51187859845254,0.19635242563328836,4.769401933932653,1570.3561026460502,1536.6824789162529,1554.5520852487784,1557.8119121751502,1.266017516297545,3.7029462029777838,0,0,0,0,M039,2.88,battery
21.700000000000003,0,24.516287974192714,42.908909402916564,0.9681921567257155,15,0.8308178153795467,0.4529835018684817,481.2785225098191,0.10211675677528226,4.952092124309222,1543.856547681827,1538.5111050666214,1553.6312985524874,1571.1784884153285,1.4692115860690915,6.192634428397583,0,0,0,0,M039,2.88,battery
21.8,0,24.276389098242557,35.973185389083184,0.9680437713443844,17,1.2002196536795933,0.267421987505788,505.02681999151355,0.1098808199986527,4.830647403997645,1512.0457649542327,1560.585809793818,1551.4767061008756,1542.1219480709333,1.4960960918055295,4.079098857487699,0,0,0,0,M039,2.88,battery
21.900000000000002,0,24.248223889644184,41.54093597647411,0.9678945432491171,15,0.8908104283461225,0.7006110151709187,501.9658105586272,0.22518981397284837,4.636138529192422,1537.6821610812622,1518.1207698558887,1590.5842589649146,1587.4306401561028,0.4722976266809351,4.3655198604468985,0,0,0,0,M039,2.88,battery
22.0,0,24.115617118558678,43.06498450159147,0.967740864616656,17,1.117398903552858,0.1940194607921431,506.00509023563495,0.03678096407603175,4.854566802397297,1534.1758591624887,1560.1537439288822,1517.55280601148,1524.6213009310457,3.6970800845029927,2.3327727642630007,0,0,0,0,M039,2.88,battery
22.1,0,24.48635870967632,44.96007399584147,0.9675940857477553,15,1.0579208685985901,1.1127988456095306,476.3391752694941,0.005910450403963378,4.808562191778767,1547.8510176792533,1548.3198572370625,1558.6217971400645,1525.7785417295363,2.138076628984604,5.310281967793525,0,0,0,0,M039,2.88,battery
22.200000000000003,0,24.30224527150063,35.82666515703977,0.9674546993685229,16,0.904839704202288,0.5147423327895443,521.4584405986197,0.0930122470809446,5.44877162870624,1588.941416087724,1522.2254459234027,1546.3596199001506,1577.3989280488756,1.9433073986708427,4.237820270104053,0,0,0,0,M039,2.88,battery
22.3,0,24.22765393471951,38.330335259258646,0.9673128136803623,17,1.1288742449993803,0.7506367717811251,530.5871967927407,0.22143304142477616,6.037525319191243,1548.0738547606684,1527.5809966349464,1527.9607402754218,1526.4121124890175,1.3645608548896209,4.966568981398472,0,0,0,0,M039,2.88,battery
22.400000000000002,0,23.88467099104466,42.73305816630367,0.9671629316599745,15,0.84285203280835,0.20143690574035156,491.5085619995184,0.07200704331911534,5.4374157703827946,1577.7272558577804,1546.1873280694372,1555.0567542468316,1526.4132973830185,2.6209812771400305,2.9151744264508523,0,0,0,0,M039,2.88,battery
22.5,0,24.174022758063316,39.954981278558506,0.9670160236770227,15,1.0799620362827005,0.36129846264475424,493.320527454254,0.08102967674146523,5.088557255603783,1535.4786670008734,1515.2572572047782,1513.058478095646,1507.8578667623294,3.3878669765298803,4.887959613062911,0,0,0,0,M039,2.88,battery
22.6,0,24.330894302167493,37.19909674650324,0.9668737766985686,15,1.056394203594616,0.5702009272667217,542.94800592587,0.10961286560508725,4.958238804656505,1536.7142407792069,1548.6258882134093,1553.2207257599953,1593.2585323596363,4.276945912343091,3.4991713178387727,0,0,0,0,M039,2.88,battery
22.700000000000003,0,24.281368126837965,44.041613505593595,0.9667309127049094,17,1.1484588371293993,0.16538794255788497,467.05253864223766,0.15503679761243389,5.025154645027069,1554.0937864119132,1518.7559571911188,1584.7706430392464,1578.5734017215832,3.6491484525850844,0.22254068210860928,0,0,0,0,M039,2.88,battery
22.8,0,24.181093632232987,47.066626068691534,0.9665794909816293,15,0.8720597738834471,0.35565744367395286,500.4760396751133,0.14492276798848355,4.908052885468926,1571.6191873353475,1513.3978716016586,1534.2648736278347,1529.2407811580074,8.248559510667544,3.3927862595397746,0,0,0,0,M039,2.88,battery
22.900000000000002,0,24.264070717544545,38.952473533274386,0.9664335726066151,15,1.2020040692067444,0.8543185411585356,510.1503301955824,0.018012468509969716,5.11609022332561,1537.6575908867508,1545.535459170508,1501.6286574494422,1526.550040709546,2.7836713731164875,2.122944990830768,0,0,0,0,M039,2.88,battery
23.0,0,24.467239538125025,40.74217653182815,0.9662902723645828,15,0.9325515051252137,0.399428446748416,506.7795563479055,0.04480459485389695,4.72994670451347,1556.5358951512437,1551.3727116880432,1537.3417333409052,1545.7781980390953,2.919288756721575,2.6520990985246296,0,0,0,0,M039,2.88,battery
23.1,0,24.444923842163945,42.25794540200238,0.9661442219741334,16,1.1100829497067617,0.9454861994134455,458.15810229348807,0.2637839564798267,4.864471805938344,1564.0231889220179,1534.0041206231922,1526.7752785503894,1540.237783022749,0.5178890513275696,2.658207587009076,0,0,0,0,M039,2.88,battery
23.200000000000003,0,24.369779494952933,40.33268784659433,0.9659953162013662,17,1.1806821067272395,1.1242836944350545,475.9703463921389,0.1498509382361537,5.134563983567673,1563.2541271516438,1572.9965344702791,1537.0892138584238,1616.9373943030037,1.0760014003570995,3.023938485370878,0,0,0,0,M039,2.88,battery
23.3,0,24.262104687486747,38.96858488640163,0.9658531334340271,16,0.8647782467931697,0.8570814689040109,457.4965492906227,0.04453922983847562,4.508517352836304,1560.944335861291,1553.7541298612966,1528.2061299321815,1534.0940488828342,6.685236250114749,3.6225023832470145,0,0,0,0,M039,2.88,battery
23.400000000000002,0,24.38075619047634,43.99855494885081,0.9657122292175162,15,0.9333981837525047,1.1341960205885853,525.6951481410974,0.09829170405084603,4.329735055235965,1559.202649684519,1577.585677735812,1514.3451995283642,1570.3505968375318,1.6577362152558102,5.454506143071429,0,0,0,0,M039,2.88,battery
23.5,0,24.254085506921545,40.45625132870464,0.965570220670828,15,0.8237495775314967,0.26583252510602506,499.80220793171014,0.20319395784374944,4.1568479517458945,1515.9259112604068,1582.7662870904805,1537.2617855482065,1521.2435125882894,4.541704207201288,2.3436858131077587,0,0,0,0,M039,2.88,battery
23.6,0,24.17966014744075,45.06959576253478,0.9654207476277078,15,1.1271195709586435,0.20850230083203097,490.11390067930705,0.16752172337968863,4.159653977624437,1578.2588356012488,1569.1487437512078,1531.8650227497674,1573.3951560127264,1.3399627058912917,3.3809210753081183,0,0,0,0,M039,2.88,battery
23.700000000000003,0,24.250376291499087,41.31640242811349,0.965272072958227,17,0.8671090025691792,0.2364832072468639,499.03954406636274,0.2640327942243887,3.6363423274115645,1597.746284078321,1547.2960497148276,1492.1073558782073,1517.561349623761,3.341369435178266,5.747278293964873,0,0,0,0,M039,2.88,battery
23.8,0,24.19448937662661,43.768856406629965,0.9651252028861651,16,1.0350563525987624,0.43016608593776773,504.035838849525,0.11972834307544396,3.3875383904641305,1554.6932255269094,1562.4846128329216,1544.3346203896247,1580.0160653529092,3.07046115981999,4.010026684115841,0,0,0,0,M039,2.88,battery
23.900000000000002,0,24.36312764991617,38.05811165476299,0.964983497208152,15,0.8922872861605075,0.3181145728751239,507.0625930705854,0.05690737694658035,3.4090906485534758,1542.0524240937877,1566.3255363497221,1539.5152985849895,1530.1623968661734,3.732492181663444,3.313182258964806,0,0,0,0,M039,2.88,battery
24.0,0,24.484741807564852,45.18748943257795,0.9648317848813995,15,0.9090435596683502,0.6312324601029713,520.2296474216049,0.09794200060765722,2.865876066273466,1540.1149602155888,1540.4079468972818,1515.9577652858775,1543.2610419834982,2.9793974968495505,1.9804487780721027,0,0,0,0,M039,2.88,battery
24.1,0,24.23489447851368,43.60248996240402,0.9646843890242188,15,0.8990966089084174,0.6906140486296448,511.65070968928603,0.08954296796553093,2.8113760441278215,1521.8531356496576,1540.8392783245417,1577.5594840045226,1571.4744650541502,5.257118860609553,2.770126674270758,0,0,0,0,M039,2.88,battery
24.200000000000003,0,24.20634975729504,43.02379986634585,0.9645335610794725,17,1.051731849442025,0.4333019009059956,497.41784639285135,0.03980396426030117,3.3830837171003116,1584.8601635929044,1549.5724814233788,1545.1570197774167,1550.201198532173,5.526832564234703,3.983197741762502,0,0,0,0,M039,2.88,battery
24.3,0,24.23789188611065,40.196614877539886,0.9643897378780144,15,0.9303417472599363,0.531397107570859,463.64215306223105,0.08625112805081477,3.465317235078595,1524.4460826886661,1547.6568593574054,1512.3627440088226,1566.848233621042,3.8931653294543387,3.35692730221027,0,0,0,0,M039,2.88,battery
24.400000000000002,0,24.200766177854806,40.26316832632496,0.9642427388823037,15,0.9717055074106805,1.5397553645700837,522.4716238391169,0.05851992415905707,3.5263711550017978,1538.5390066501047,1616.9582478151742,1599.912055217085,1564.4848693408655,6.8658620837303,2.494100345315574,0,0,0,0,M039,2.88,battery
24.5,0,24.101731087488734,45.710695544743075,0.9640965678133879,16,0.913524854584617,0.8422401266117454,513.187942215059,0.16050663041149288,3.43149355541279,1571.5629241849258,1575.8765099562631,1556.4367789072232,1554.9415907485654,2.138770086301957,3.2000887037989036,0,0,0,0,M039,2.88,battery
24.6,0,24.35353217067231,45.054491392970974,0.9639542161130927,15,1.0537581226166821,1.3708287026788506,502.5981747967236,0.08567347287327415,3.5419734737673703,1527.3353071650283,1509.331284578568,1555.3503115032058,1553.9143826635413,4.447220264905407,4.539958792180399,0,0,0,0,M039,2.88,battery
24.700000000000003,0,24.06788072093125,40.82006495006742,0.9638079826856382,15,0.9878992335217522,0.8236061892150142,515.6470328184577,0.06565067244830111,3.410399407863553,1565.6861778655027,1540.601632216798,1566.3775406048744,1551.1365649616982,4.117987441317237,2.1144532654891037,0,0,0,0,M039,2.88,battery
24.8,0,24.239806877840817,49.932941924621645,0.9636586257863896,15,1.0321321288909595,0.39736890112847895,490.5013078600637,0.07968679554504408,3.417146016401706,1599.9709719872335,1569.8868906105542,1531.172643911983,1505.5533323505672,0.7844960956446587,5.718403360948924,0,0,0,0,M039,2.88,battery
24.900000000000002,0,24.110765904923085,44.6260004594971,0.9635155588455395,17,1.022160643080481,1.3617586714428083,500.59169248986166,0.0979542736540737,3.379196827402747,1539.658155705343,1539.8931449008392,1544.179696135459,1530.408963182809,1.9859821682831138,4.132120417295312,0,0,0,0,M039,2.88,battery
25.0,0,24.40539917988065,39.89529786829447,0.963372177424064,16,1.052555258266882,2.2601785865973545,508.1437557274696,0.07956586352974393,3.276148969394623,1574.970431158369,1562.3893309297503,1561.0771939237084,1536.141326635655,1.5485303849383047,5.5959557735616094,0,0,0,0,M039,2.88,battery
25.1,0,24.097152358376377,46.27363622855826,0.9632205721464241,16,1.1517033371269028,1.5441102922038699,459.05650251318065,0.2463401825189741,3.225874511156627,1532.5593953094804,1573.4123216392,1585.8630368416927,1555.3813431704446,5.7108229572183475,2.9036951891732485,0,0,0,0,M039,2.88,battery
25.200000000000003,0,24.381880102636075,39.74521691180685,0.9630739906499812,15,0.8841795659450163,1.1096856675094844,499.9776773950088,0.198985067104038,3.2143356636943587,1545.79787961075,1536.3878670664142,1534.317051521652,1577.8778983174727,1.1618169610756148,5.205661367780959,0,0,0,0,M039,2.88,battery
25.3,0,24.34358469872773,43.73787400766428,0.9629384020171448,16,0.8253820923184221,0.8836921074987723,492.2196595809596,0.12586537025051237,3.2807223069167657,1535.5301764238852,1570.8303925072908,1541.068788533613,1572.6961566739924,2.998074276047127,2.4405036343850677,0,0,0,0,M039,2.88,battery
25.400000000000002,0,24.182172796926878,49.159078505016275,0.9627846586710896,16,0.9277651496794866,0.13842911199416505,512.4059422910717,0.23992106026732066,3.2931998394132,1576.916066879515,1556.4200464394303,1549.7919750271521,1534.0222569887956,4.341656202853072,2.857839964584814,0,0,0,0,M039,2.88,battery
25.5,0,24.35143751476101,40.883294139611024,0.9626464149485623,17,0.9388993378816554,0.160465062013772,529.3261437681532,0.08175854823704581,2.7563816202915676,1610.798516981519,1480.7257208626452,1566.662348756307,1554.288643895098,2.112210843221608,4.177883556904485,0,0,0,0,M039,2.88,battery
25.6,0,24.234492236059694,41.75137123628447,0.9624914854557998,15,1.1363299007325316,0.766236648702807,486.47053070865167,0.055054533087521854,2.8169648265735154,1556.9702897981065,1594.5655721240473,1548.101842952079,1553.7298587594055,4.131846903517731,6.445758998074756,0,0,0,0,M039,2.88,battery
25.700000000000003,0,24.374786561912327,43.026153954304725,0.9623479955396594,16,0.8644993247466515,0.7044165393511967,485.2925124944442,0.0473202966706805,2.8121495091506614,1545.4534534610223,1553.4611918797984,1518.1869071499384,1558.2392650409768,5.412036995243794,5.31335235589841,0,0,0,0,M039,2.88,battery
25.8,0,24.45583337023956,41.669849251802624,0.9622070715159632,16,1.073891968798252,0.3118807162556618,533.6968965443517,0.11164701117751491,2.9385757725912716,1568.7060865514895,1527.5116141904823,1529.55059650991,1565.09506277821,3.356581181556445,3.530859416867828,0,0,0,0,M039,2.88,battery
25.900000000000002,0,24.506955652761064,40.05646758315749,0.9620618599297228,17,0.9347814421910657,0.9448561188090425,494.6447506963425,0.11253513066795831,2.8271502879072705,1552.6760452774993,1545.2758065157002,1553.526810228224,1530.9914519385743,2.5901717466195766,3.949520661849693,0,0,0,0,M039,2.88,battery
26.0,0,24.36140384996161,37.92633396638647,0.961915996271419,17,1.0473554752244734,0.9220004877565953,525.5095644248443,0.13119897094693153,2.5580488896640996,1538.6424440232413,1572.283175690748,1536.907427054117,1569.6868783905518,1.4835507726444916,5.035115531040948,0,0,0,0,M039,2.88,battery
26.1,0,24.265252770992117,42.82117045765593,0.9617672306022028,17,1.099556829267833,2.223049451211365,485.05756393251414,0.11883952765187378,2.6106392844042903,1593.1107649636556,1580.492575029134,1551.950436633896,1553.9040753891757,7.001327774466949,2.8112719820858847,0,0,0,0,M039,2.88,battery
26.200000000000003,0,24.393652895718382,36.9985038481312,0.9616183945232023,16,1.0448208476642609,0.23475924129582423,476.80049927381066,0.2680784885562296,2.162710704483522,1597.3679479195234,1538.7282895452715,1558.7219005703303,1537.8584767044813,2.4752349273203778,2.6543037703731756,0,0,0,0,M039,2.88,battery
26.3,0,24.46778961873197,41.4600987179086,0.9614699422004218,17,1.1923946251699917,0.5430996377805434,476.8022163139905,0.12191028538357242,2.1485136573956813,1552.3353945847678,1599.186219732629,1514.4110552797335,1533.8158584910475,5.376681671170891,5.088852139951477,0,0,0,0,M039,2.88,battery
26.400000000000002,0,24.402843307371022,45.206189368302404,0.9613242883425358,15,0.8951911493066995,1.5030482490234776,497.20668894976495,0.08174702009173393,2.1444503220513558,1558.986129721246,1576.9759987896791,1561.8026247478308,1544.459329062644,2.8965541361731986,3.3764946666306876,0,0,0,0,M039,2.88,battery
26.5,0,24.291344969997027,38.27296847239572,0.9611816866389633,16,0.9656038950598629,0.2573404799014593,493.5269569864216,0.06650351236055146,1.8617901095485778,1578.1850479831103,1558.7693908485273,1592.3684342612617,1562.6090112846277,4.2904190662952715,3.912650124712626,0,0,0,0,M039,2.88,battery
26.6,0,24.14604948954207,36.634283636832656,0.9610347701865787,17,0.9669005078116164,0.8748655359077195,493.0210737130481,0.037841025241837425,1.772856939198965,1533.4959080908252,1524.9317838271072,1553.57925724249,1580.3771532953592,8.035374044905854,5.830273260164892,0,0,0,0,M039,2.88,battery
26.700000000000003,0,24.417721775558206,34.84661514605995,0.9608898034105872,16,0.9073116101740991,0.8612450833980241,485.5277861539917,0.21791226090933752,1.8266489882236396,1509.311963476774,1605.915911895708,1529.823949701561,1529.7168899216242,4.6448576084619635,3.3803948952054315,0,0,0,0,M039,2.88,battery
26.8,0,24.02348986299986,42.16523558930909,0.9607439553942185,15,0.982676644751356,0.7018905975619686,495.0037815888772,0.2669298726128205,2.074345834190302,1579.5054922571305,1549.2973087599576,1591.7250119560426,1553.2466153938285,0.9251311561597488,1.5095135573919467,0,0,0,0,M039,2.88,battery
26.900000000000002,0,24.359330010628696,39.14928071689226,0.960595233139314,17,0.8880071100974516,0.34571376115638375,518.3986772192741,0.1926849919899717,2.120052775650709,1578.4686838162206,1598.3146170774814,1549.6613240186737,1565.6816854107494,1.0398421278325287,3.6537040339420304,0,0,0,0,M039,2.88,battery
27.0,0,24.26316497856773,40.88350397055087,0.9604416024323954,17,1.174959289792142,0.7684611836565467,460.2946656724581,0.16338008723986658,1.7131004595986687,1582.542350807688,1548.2394719681768,1550.0937715975977,1529.6324023232862,1.11836459898284,5.367442434941493,0,0,0,0,M039,2.88,battery
27.1,0,24.242237297691684,41.42835601803597,0.9602939713755422,15,0.9989723238050041,0.7451233863906825,510.39001584706256,0.03738954694094699,2.316612130473564,1566.0218403991398,1581.970933219809,1605.6033087540388,1583.9976285824173,4.876581545249965,2.556547303269719,0,0,0,0,M039,2.88,battery
27.200000000000003,0,24.367241321417858,32.758859146759754,0.9601536316227868,17,1.0023413632592706,1.4526233641928334,513.1407405625777,0.05259743941276144,2.613588352020118,1544.3733795485168,1605.3451817326654,1544.389631492815,1561.797742931032,5.205250844252493,3.4203234061445644,0,0,0,0,M039,2.88,battery
27.3,0,23.948672929020013,39.91791476958278,0.9600089926729891,17,1.017057728530133,0.8697562793895954,507.3453399201678,0.05877930819793055,2.372767742327203,1577.2207629963234,1515.6926724767868,1545.3474100561057,1526.0895196632368,2.8730513641804216,2.929092197721203,0,0,0,0,M039,2.88,battery
27.400000000000002,0,24.143185860506755,43.64296538969291,0.9598648438330593,16,1.0292072814157944,1.360067292441153,491.63432419160773,0.054234009617336223,1.9225762639550692,1558.9517931808641,1537.6634208459407,1517.8344617863938,1591.7363777488706,4.605814691189897,4.99512158245998,0,0,0,0,M039,2.88,battery
27.5,0,24.22460078738988,35.613127997007055,0.9597232787797693,15,1.064969752825867,1.3248501502306649,499.2146233057917,0.07267822974104064,1.458832373187672,1513.7482950178423,1522.0458528972674,1517.892280129984,1522.509134914019,0.4131641370474404,3.7224640018468205,0,0,0,0,M039,2.88,battery
27.6,0,24.26808979002102,43.208906136412644,0.9595755340872942,17,1.180432045250632,0.9505920808949845,528.2130417504206,0.13575786460418743,1.6221305116100746,1552.626145741853,1534.5099159432614,1553.180469033844,1559.905708978508,5.1362754024016555,3.849411390970222,0,0,0,0,M039,2.88,battery
27.700000000000003,0,24.193941248622068,44.881355625478506,0.9594324226517762,15,0.9386930510597521,1.1031691345357542,540.3114026308069,0.010506373330042807,1.3123617880551344,1538.6180648025907,1533.2680457184251,1501.3376091102803,1574.0243711055205,3.519790919766039,2.4277912540114226,0,0,0,0,M039,2.88,battery
27.8,0,24.247377378521275,40.891553675297246,0.9592856934698366,17,0.918338338707874,0.8467562916201767,492.4316026879209,0.01458188142970411,1.103268625269461,1522.7542420169498,1528.5590418194822,1571.7349151148233,1562.0921328965014,0.625588695373603,3.3856512368034215,0,0,0,0,M039,2.88,battery
27.900000000000002,0,24.47901336943602,44.59825733044732,0.9591426400134108,15,0.9418021331260917,0.5490017231575309,509.5268387053216,0.1536876587151901,1.0136898156421859,1527.9124954456743,1529.2123137096926,1557.8765200645778,1576.7557961747955,0.3108166166137736,5.293090671454756,0,0,0,0,M039,2.88,battery
28.0,0,24.04758431899706,36.028084537064146,0.9589901771152358,17,0.865589360591699,0.5567666835360725,487.3935693439264,0.1088928799324688,0.7869168930828604,1566.3054257423141,1486.6512630810691,1575.4552945850764,1609.9511598797048,2.58124409529674,5.084841238486052,0,0,0,0,M039,2.88,battery
28.1,0,24.385222616138144,47.02596210213575,0.9588461965348627,15,0.9114234172584453,0.1135545561671856,497.68333010735876,0.1775804012095712,0.5965243187989586,1516.0200181837624,1546.681879190829,1547.239382865281,1546.735795317887,5.151951461498797,3.203961110941338,0,0,0,0,M039,2.88,battery
28.200000000000003,0,24.3919343305573,42.68573566973496,0.9586985626713366,15,0.891315228185261,0.699072243963967,488.1709036944745,0.10981277539368983,0.01812903191991566,1510.323679731458,1533.51978840879,1521.5197707158034,1539.278722994102,3.4229422691956146,2.6826736155794872,0,0,0,0,M039,2.88,battery
28.3,0,24.47678833484191,44.272650269671665,0.958553222177325,16,1.1123514806327541,0.561213797236439,479.1921481912416,0.09480988262444712,359.93660268128116,1558.6692554830258,1559.5326716801283,1540.0077287489205,1561.9636319848448,2.3268195400731644,2.254973336628907,0,0,0,0,M039,2.88,battery
28.400000000000002,0,24.323540868963086,48.42646372661568,0.9584016967722139,17,0.8315951233081721,0.657678667619908,495.2743174089924,0.057239934644863585,0.3416383310363658,1613.0591117671688,1582.07184963688,1579.0813022297755,1542.0018179935435,2.399692687782682,3.4565759673901533,0,0,0,0,M039,2.88,battery
28.5,0,24.29172167317418,41.83384371292157,0.9582528146077577,17,0.9669430119880353,1.376400185197563,494.13519055276953,0.05656580531784227,0.018788417294843096,1561.8421481715968,1535.7677485474426,1560.4950351458283,1586.2584489750393,4.026473879675172,2.907107919386143,0,0,0,0,M039,2.88,battery
28.6,0,24.1036610679587,43.6595739794078,0.9581079033989531,16,0.9284351952859435,1.1695132397346009,498.8055177266875,0.16221969530789215,359.669858005853,1567.568494666473,1567.96036538305,1553.4827215095588,1533.2845570594343,1.5011556595043578,3.9257178562550803,0,0,0,0,M039,2.88,battery
28.700000000000003,0,24.14302205479,45.56712646180267,0.9579584280103186,15,0.9202356577946937,0.2740572120051622,456.97467174059466,0.0608622197607319,359.6022455095089,1560.4477486466778,1582.5784011558185,1563.3980332107926,1522.897355578828,1.1197094290988454,5.167304053622118,0,0,0,0,M039,2.88,battery
28.8,0,24.367902173771082,43.75245802311671,0.957813654967,16,0.9691874875659903,0.6948117095108202,492.6486714464984,0.2810189830363199,359.72921026373893,1561.2318329381105,1530.5249432185312,1589.299164737412,1517.3928958066392,4.419667239575514,6.014679563367812,0,0,0,0,M039,2.88,battery
28.900000000000002,0,24.125560686744624,38.15134513609765,0.9576678902085042,15,1.0022452860472633,1.1454313061035888,497.3512122966073,0.10166240455442431,359.4035425647685,1552.6505914925642,1536.334517557756,1535.1725759645271,1537.1691061897277,3.311892453021635,3.997924007577245,0,0,0,0,M039,2.88,battery
29.0,0,24.015190628098154,45.999275669402245,0.9575183136992604,16,0.9572691403077346,0.4557171117390194,500.55239111803814,0.12217309663072806,359.3988041544679,1543.6780056333146,1556.1281778550876,1571.9699222313222,1483.3059408264367,4.329841270108066,3.331973467577049,0,0,0,0,M039,2.88,battery
29.1,0,24.108868786356858,43.51937146308733,0.9573785936862462,15,0.8250407182570897,0.3301622373083615,514.0138085133738,0.05044459440643009,358.9926509902735,1548.696752241316,1582.2783744347353,1557.124452767546,1562.4687167158268,1.5582483263885165,3.5273193178628297,0,0,0,0,M039,2.88,battery
29.200000000000003,0,24.331575213910874,40.14020286372214,0.9572351220266518,15,0.9327649255840722,0.6672286240217217,490.3183470455823,0.08201857273255209,358.70564117825404,1500.9648698121762,1534.507309616029,1533.794857025286,1527.2806646465428,2.146882922931869,1.699594772795372,0,0,0,0,M039,2.88,battery
29.3,0,24.314153489415975,46.68921146999641,0.9570883035794491,16,0.8497944665944229,1.2772522271753945,498.61258686704815,0.1179212447919879,359.199366515979,1563.7955731352713,1493.4231813218948,1552.0190687490538,1540.8465988990588,2.136250380506187,3.3647235055073454,0,0,0,0,M039,2.88,battery
29.400000000000002,0,24.277757843966377,39.97236014573743,0.9569405370778253,16,0.9161004931807931,0.12311434895226502,506.9646564035168,0.14038485493503428,359.02719895704985,1554.458648329081,1532.2912980667447,1592.3185689748807,1532.7826715086685,3.3232548202133105,3.36795281443787,0,0,0,0,M039,2.88,battery
29.5,0,24.24644908117062,36.07902223919032,0.9567970592106833,17,0.9004212294638472,1.0398921290666434,546.3804518628057,0.0256764901518449,359.5280322694169,1533.6673943084404,1542.5604528471254,1543.918016269977,1528.1563590800693,6.899284865697139,3.542775761589919,0,0,0,0,M039,2.88,battery
29.6,0,24.337558070320284,46.30446924855683,0.9566459458898513,17,1.0827936489892784,0.15459390195913794,496.2078371755623,0.040529663138325386,358.99986076802594,1528.722236684936,1548.259684239214,1559.950523359889,1600.528118339044,2.7415892494910743,3.219881205457339,0,0,0,0,M039,2.88,battery
29.700000000000003,0,24.02077773934218,44.424042379344115,0.956493276385357,17,1.0592553745981474,0.12132471700136455,514.2309709970431,0.030312537180109175,358.8915801575393,1556.95833780514,1573.3197043308344,1544.3415371605065,1563.1280259951363,3.2566849599843026,4.751820673868334,0,0,0,0,M039,2.88,battery
29.8,0,24.3349527404135,41.115063085948144,0.9563439186180015,16,1.2153426825110232,1.3464807426747336,472.7350512598821,0.022628542450775373,359.0910351784842,1535.6138127754546,1540.9099289973308,1562.7041899744113,1537.8049422398744,5.852251726664501,5.048877330957668,0,0,0,0,M039,2.88,battery
29.900000000000002,0,23.973555992478047,36.851920113436066,0.9561983068694511,16,0.9392167741125337,0.3360221360614749,496.7103619948084,0.10764279933444554,358.9304325497432,1543.868017494565,1530.9432017036827,1545.9281756999446,1573.0310831495249,2.6700488689840154,5.1050396608541,0,0,0,0,M039,2.88,battery
30.0,0,24.49247861629161,40.82319411098024,0.9560465844273194,15,1.2249472759697564,0.38037374390799994,482.07119740667133,0.06938973142321142,359.25617582591906,1567.5408850505771,1593.5555520559326,1511.068183623287,1548.5067470958436,2.7388259352845683,0.43175087340610674,0,0,0,0,M039,2.88,battery
30.1,0,24.052013747186386,37.22994901988385,0.9559024134782771,17,0.9814872031403925,0.6269191539486489,480.2818004863465,0.2059569770528092,358.90370134701067,1558.206572000217,1548.4028519853555,1527.8248795341779,1535.7440730613068,0.8309175134690608,2.178264984890548,0,0,0,0,M039,2.88,battery
30.200000000000003,0,24.29710997326392,41.9626062486907,0.9557607124078067,16,0.9231087606208329,0.6006360189895297,504.8050927122087,0.12209707445826609,358.84836305976904,1575.0986297590027,1542.6136231659796,1558.6549158906168,1501.9481826093358,3.11037905928478,2.4294734880704287,0,0,0,0,M039,2.88,battery
30.3,0,24.29424753859628,36.37418944476869,0.9556212456305403,16,1.211153900796923,0.6133706347997425,540.4867324811395,0.0718022597422381,358.2571914495568,1524.4000514893498,1520.1205459405076,1556.5464804811566,1545.1128082501411,1.0518519847144367,3.7158464397370126,0,0,0,0,M039,2.88,battery
30.400000000000002,0,24.269331719699725,39.616029008110274,0.9554745967511332,15,0.9566442647222284,0.8712623845304303,499.15774731956276,0.07515693909951296,358.4924050146504,1545.062710790058,1583.0526377908618,1518.2146438141217,1582.6834600774423,0.3528011591692302,2.531485326002801,0,0,0,0,M039,2.88,battery
30.5,0,24.231241786466533,38.14513795568609,0.9553306811037234,15,0.8636896697876354,1.244959923398994,479.3345989583579,0.10346801466940338,358.41512929284505,1535.5843177067145,1521.9891098457838,1514.0484004159089,1552.26240194279,1.8722444734563968,1.3153036623815697,0,0,0,0,M039,2.88,battery
30.6,0,24.183840108556947,42.155573993315386,0.955179968463157,17,0.86754767091805,2.221514647629072,515.6377360918386,0.15363487301691553,358.5790770545097,1591.1499099966989,1542.0259437503928,1537.7815659151795,1540.9549072142743,2.484779077917763,3.252003135392239,0,0,0,0,M039,2.88,battery
30.700000000000003,0,24.362876670499727,45.5237680276634,0.9550395457720686,15,1.1176776272994804,0.9208039465806347,494.00560369543217,0.22772600165042203,359.002085372841,1580.6421223995824,1582.772072660299,1581.228943425143,1584.4139144902472,2.423090910272535,3.7708131568544507,0,0,0,0,M039,2.88,battery
30.8,0,24.297711696620013,41.66615763605496,0.954894780828072,17,1.0559989047317184,1.3896150188288607,510.10992266271666,0.02855578699314624,358.9749186751474,1573.6322319386147,1530.8090060069908,1577.4490154564965,1562.215263933371,1.4823822578054822,3.298529395628615,0,0,0,0,M039,2.88,battery
30.900000000000002,0,24.286550302080354,50.50152744072879,0.9547480898456164,16,0.909519439323405,1.794876953253656,512.3751927211755,0.16373888340893336,358.9083254444493,1540.9259500073308,1568.2263642977707,1511.3665783976364,1594.6726423060618,5.051686110772598,3.012316918154506,0,0,0,0,M039,2.88,battery
31.0,0,24.329080694712225,41.11172871493125,0.9545984561844824,16,0.8621925860040129,0.4529986891441896,527.6529454867571,0.26197961561646976,359.2264663928524,1547.955802562346,1537.166353077086,1578.2282933831232,1581.6189831625509,2.4298488560886686,2.632939421423513,0,0,0,0,M039,2.88,battery
31.1,0,24.211714467544063,43.664043758169036,0.954453547352514,17,0.9161172959038391,0.6195494039918066,480.0489185242538,0.13920871105334615,359.10494948622386,1577.9245098821582,1572.6743900799222,1528.974895480335,1556.0543190664307,2.4403231994812336,4.752392589159427,0,0,0,0,M039,2.88,battery
31.200000000000003,0,24.03720069503061,40.60294471443515,0.9543139368107145,17,1.0690706883867536,1.0519877385691916,475.3928681426547,0.22991437384628308,359.1304765527402,1528.1918162493182,1531.7958722868048,1545.8437505395584,1536.2505055916001,8.146044613408584,2.3587017374506787,0,0,0,0,M039,2.88,battery
31.3,0,24.215602674783476,46.20027971999069,0.9541750812846912,16,0.8924094980326919,0.9681598756906793,507.54607882126453,0.026362689509591315,359.58518933353974,1580.3675270972844,1548.0366681740632,1544.299062343958,1582.2228651846683,0.8795059788546231,3.08623385726705,0,0,0,0,M039,2.88,battery
31.400000000000002,0,24.27697816563672,40.59713303302371,0.9540276138691584,16,0.8802042360681587,0.5424399782257772,480.9401538037305,0.2804686785281504,359.70176591925843,1533.4853035528233,1491.3594783968258,1562.0767509632985,1567.4577925054816,1.9732872553797018,1.6887749887600176,0,0,0,0,M039,2.88,battery
31.5,1,24.839124358067348,8.278776245262698,0.9539985837952858,16,1.139253255582136,2.188993316994529,488.3881890838468,0.025273877292294182,359.1625171465954,1215.7302503464293,1211.4043167547798,1270.5079464056205,1211.3888435658162,2.2081934161428634,2.3807971284843426,0,0,0,0,M039,2.88,battery
31.6,1,25.038773988958024,12.915150920518837,0.9539642720949233,15,0.9283467994009951,0.27730107999747566,497.73744766953143,0.04202380822611532,358.9231662352883,1185.040585469304,1246.92208138759,1209.9916954332275,1193.025486006289,1.9429479361785176,2.141396349820819,0,0,0,0,M039,2.88,battery
31.700000000000003,1,24.980033074908526,7.618451096783488,0.9539282737094306,17,0.9007111985152173,0.3154279416307957,468.588548857382,0.08464032723979727,359.47322863426547,1215.4815426086127,1176.622346040611,1208.000207724853,1165.6213812540805,2.4116329301153963,2.7685431568537844,0,0,0,0,M039,2.88,battery
31.8,1,24.94460264562,7.727815189272695,0.9539002368139482,15,0.8719363994602715,0.34421370924499234,514.9404572468776,0.07807996570298102,359.1997941206695,1200.7877916309355,1176.2575361710346,1192.1479736596998,1185.7426013344466,2.21174287712926,1.8091725628250703,0,0,0,0,M039,2.88,battery
31.900000000000002,1,24.860915424054134,8.602458572391246,0.9538700131563764,15,0.8715521307639846,1.0875225774614976,519.5026720818278,0.16322606072400647,359.1839258777307,1189.286982114321,1200.515315477773,1130.2233919618084,1210.8148464277308,3.1005908543683116,4.894186311007896,0,0,0,0,M039,2.88,battery
32.0,1,24.962120884118782,5.927448279395472,0.9538363939649868,16,1.273157645235813,0.5199665423899451,541.846335066069,0.296352214158522,358.8672188649415,1227.8044595826734,1241.799075463173,1209.209639614354,1191.7348176316434,3.619909555023365,3.556575908239255,0,0,0,0,M039,2.88,battery
32.1,1,24.65389826629741,8.497626813970841,0.953804881988204,17,0.8415198653344084,0.39161648988917347,496.2720740302535,0.3041432281431487,358.8856008192178,1224.2825933776803,1190.4098085934982,1198.9768737106065,1175.9920790845908,0.867544141612058,2.252762109977236,0,0,0,0,M039,2.88,battery
32.2,1,25.01738658902716,5.651015669963053,0.9537731593326533,15,0.9424008612833111,1.0044326839753224,500.76004894496043,0.09825723021373117,358.5907933148771,1219.8532716131504,1199.0908481203508,1190.8537010463256,1233.3970451116345,1.943698474427697,1.983104422992244,0,0,0,0,M039,2.88,battery
32.300000000000004,1,25.063347227297747,2.2039921854575875,0.9537421535859651,15,0.9545699121228818,0.1388296635773051,514.8341248125805,0.02917411123043705,358.3399062349003,1202.5923571984129,1198.5214273386937,1152.388264624714,1214.445385332231,1.405878922627743,3.305982225178185,0,0,0,0,M039,2.88,battery
32.4,1,24.674298128782503,10.686607333780543,0.9537046981860713,16,1.1264516719471893,0.21701356203795308,494.3139708966464,0.029143078616232075,357.94139143942715,1176.7966464012404,1223.5186743222346,1231.257716470199,1188.277679414438,3.099694719685804,1.5784923800413533,0,0,0,0,M039,2.88,battery
32.5,1,24.99005864264169,4.399730337218868,0.9536764843516641,17,1.0563313013694837,0.5950695666888948,506.08715493748065,0.1282320704905132,358.5092814644014,1205.5809924193984,1198.9672592205416,1215.8028979468343,1176.4327296822653,5.497778082057993,2.3449719724617837,0,0,0,0,M039,2.88,battery
32.6,1,24.76662948141103,8.86971830782538,0.9536456231747367,17,0.9586956051002762,0.8455705313892063,497.39999968297946,0.053880689218542506,358.46773720080216,1209.910843358049,1238.0074460726319,1191.7045791551902,1180.5383982385774,1.5218444649441567,5.030876169360614,0,0,0,0,M039,2.88,battery
32.7,1,24.73172149858735,8.967013171938701,0.9536128058262562,15,0.8601971218226382,1.0505413550385878,525.3107171462493,0.012642029662969545,358.2366303156131,1204.293635423619,1189.202809529577,1175.8442994081383,1214.1970814838467,2.102482058946995,5.1869600717865465,0,0,0,0,M039,2.88,battery
32.800000000000004,1,24.772325981790797,8.737681694756663,0.9535723568446243,15,0.9403051317352288,0.2916932078132819,497.4958482178504,0.09380037521722437,358.55815349977837,1196.6467231661484,1184.9519296052915,1196.0118065342933,1158.335168879336,3.668655901442756,2.622941815221448,0,0,0,0,M039,2.88,battery
32.9,1,24.797792633460794,5.215026178908213,0.9535353873227332,16,0.9114184141422818,0.9382320004500397,509.2795633910659,0.1795644611366455,358.59073133088805,1175.8693324657038,1235.8700649220502,1189.1890085542998,1201.55989419535,0.8150623136657297,2.3612004494265504,0,0,0,0,M039,2.88,battery
33.0,1,24.91043993025899,8.666846783984324,0.9535062597006685,16,0.9827188527785168,2.0097204821867947,510.32258068944725,0.21438470527318743,358.3350825998238,1181.3384548162655,1193.3324806683484,1218.9624430848912,1196.7937082135693,7.913246857850668,4.536243627603675,0,0,0,0,M039,2.88,battery
33.1,1,24.809267608394872,6.0663385071168285,0.9534734257648945,17,1.0537350229567013,1.166868097586749,475.9749540760398,0.1100906891958663,358.7010514807933,1233.9871279824479,1205.2444773176906,1162.6806362981667,1208.4434561043065,2.1016524841314164,2.014548844546004,0,0,0,0,M039,2.88,battery
33.2,1,24.641822093441032,9.901871109896282,0.9534410341214244,16,0.9436118396362116,0.8713915811456872,486.26495333161967,0.012360369234427335,359.0961153737771,1225.8327988978567,1193.3476295337268,1191.503231449894,1202.4603235107618,4.12416193305387,4.249944036801221,0,0,0,0,M039,2.88,battery
33.300000000000004,1,24.784962855545597,6.9440778533439484,0.9534086931256833,16,0.8572020430545884,1.1457588292232113,522.9785434414089,0.2128632478570567,359.4849447920281,1221.0544764375552,1198.6559337841534,1229.4740162094167,1212.9756374932854,3.18798482750855,2.3159665458813987,0,0,0,0,M039,2.88,battery
33.4,1,24.851838136389325,6.488960275646745,0.9533787331040698,16,1.0976999103506184,0.8458195394121597,479.21466324673145,0.013683087728679284,359.2407911679977,1205.5299815067642,1204.7835865152038,1192.7568407200804,1139.416626335278,1.8250492279246604,1.9500568439844475,0,0,0,0,M039,2.88,battery
33.5,1,25.059546698387916,11.615140709687699,0.9533490047779247,17,0.8914456890045505,0.7368164041135613,516.9174674665816,0.08191052357023712,359.1642464515469,1214.272509186361,1206.1682307953056,1185.721049682947,1228.082652876265,5.301147956176232,3.5575933259508448,0,0,0,0,M039,2.88,battery
33.6,1,24.82811766582429,12.87884877454816,0.9533153784061741,16,0.925362148223477,1.647704911064596,523.8480890158172,0.10882138431125515,359.51050757817393,1171.0999723012947,1178.5712366621622,1221.038538878871,1169.7020321512418,0.8516044146840454,3.121634819191547,0,0,0,0,M039,2.88,battery
33.7,1,24.86130032122273,5.440915539836021,0.9532850259314848,16,0.8957503461018571,0.3559228157575363,513.9562742455868,0.2190853756638981,359.09381804209886,1181.5011405650625,1249.7847182530863,1203.9053561322278,1230.516480688465,4.565470233839605,2.903465398544208,0,0,0,0,M039,2.88,battery
33.800000000000004,1,24.86241386418218,5.117413210311556,0.9532576408664989,16,0.8605601955892241,1.5809259476194095,466.4567039417947,0.15652516643250086,359.30240887674665,1249.3518821670448,1189.201241090234,1250.5479038686576,1197.8666262444594,5.7945613329123695,2.5569474986369856,0,0,0,0,M039,2.88,battery
33.9,1,24.789410206288508,4.959726074700402,0.9532277305853841,15,1.0550278183344806,1.4937673787987085,493.94054147662064,0.09688615067933337,359.66261830138126,1204.8969616178563,1205.673691941503,1188.0401637611687,1191.8819003485762,2.6562594832323736,4.681934658677799,0,0,0,0,M039,2.88,battery
34.0,1,24.793476659706467,8.657645027404612,0.9531898223031836,17,1.065513631867428,0.834011797646271,477.5836416089243,0.13640852155969568,359.807290858212,1205.2828513972302,1176.9579652061236,1164.0151170577815,1183.4241420266355,1.4078871502700752,4.597327861202901,0,0,0,0,M039,2.88,battery
34.1,1,24.787458598988547,14.56526808646737,0.9531639691203067,16,1.0071439989847488,0.49954349636759243,488.6582173263625,0.5448376093824313,0.1921949759251234,1192.1900984308788,1186.7228929803239,1205.2505493389797,1246.1081365168627,4.442248056526255,4.463591830031259,0,0,0,0,M039,2.88,battery
34.2,1,24.91855158470581,7.6673724425316285,0.9531340717629365,15,1.1359856395181267,0.5311884204045224,475.1018305475757,0.08090585572497028,0.7897178023810232,1191.93758013514,1204.4526181345805,1204.7611337414528,1191.5807071845181,1.451920472390036,5.833052120416346,0,0,0,0,M039,2.88,battery
34.300000000000004,1,24.75150650053191,11.993278012002053,0.95309073192808,16,0.977902682831593,0.49971525575299447,481.79726008931107,0.11403243948257462,0.7727384122379745,1240.8601867303516,1217.1204622328025,1251.1204625135974,1202.4435054973671,1.717315332245295,2.976011142346424,0,0,0,0,M039,2.88,battery
34.4,1,24.83046903912301,6.364254067606938,0.9530633917275663,15,1.0647896709752611,1.0098014590953115,492.5925046226423,0.06274415690006892,0.552426819916027,1214.4980683168994,1185.8914627913027,1196.8901835298695,1174.1866021071446,2.6174024662379383,4.587393344961702,0,0,0,0,M039,2.88,battery
34.5,1,24.886116596131142,10.253629925941961,0.9530325071688771,16,0.9199694737548274,0.7171949035734082,486.835465081071,0.12145935908488034,0.12647186052838066,1184.4660487215813,1173.0680616935601,1207.156842162841,1194.401175817313,1.8103257347595432,1.787766857373662,0,0,0,0,M039,2.88,battery
34.6,1,24.6447822199623,6.920897552531351,0.9530009089383391,16,0.9341308626073379,1.4440667312028146,504.08271221661613,0.0700364974156033,0.30265065534577473,1210.538791910986,1205.2564188979495,1130.0141280950536,1214.0345629965768,4.70444934384935,5.331394858297014,0,0,0,0,M039,2.88,battery
34.7,1,25.08654931323249,9.29865706359919,0.9529660718949586,17,1.1180358657107445,0.5373091880796885,483.72499627396405,0.14326680443969456,0.08433081385569965,1137.1220790612938,1188.469700493584,1162.7873445310865,1193.1829076081185,1.5690827334738082,3.3125729590502986,0,0,0,0,M039,2.88,battery
34.800000000000004,1,24.816350266149,11.022857052762937,0.9529398245532988,15,1.1726815306279021,0.10219182183115368,553.258300554486,0.16626657054338934,359.82748378877295,1202.1067900284677,1206.2335183953355,1232.718765520768,1210.2246222578158,2.7035643927259345,4.774876734345499,0,0,0,0,M039,2.88,battery
34.9,1,24.87783640840769,6.076499462365556,0.952907777659184,17,0.8911727244678213,0.02956669863535302,488.89395295809777,0.09957999588036778,359.87970542862325,1169.8561328711503,1258.3167185172952,1210.5097802221803,1232.4795890885216,3.8252593955529286,3.7787698428811645,0,0,0,0,M039,2.88,battery
35.0,1,24.638456093953007,13.930530107686293,0.9528734276880386,17,0.8849778948112591,0.3115900564090304,491.5781801461395,0.08960450792072114,0.09743361200837178,1236.674114591296,1214.5491372657466,1219.4136885270584,1233.0113155385905,2.292079946971756,2.4820300899383283,0,0,0,0,M039,2.88,battery
35.1,1,24.718207693249482,7.750544408471771,0.9528403527510927,16,0.8583354803741324,1.1098889940836731,456.9397470033303,0.3291237025173908,359.9230581003569,1248.9516336058734,1209.4111627198865,1193.5488152196076,1220.3660648875705,3.5421739268815546,1.9107751908717328,0,0,0,0,M039,2.88,battery
35.2,1,24.861020402982014,9.782195071094206,0.9528073707572872,16,0.906261593074011,0.4380816070646773,471.0169987758869,0.004043071400536355,359.9702203446398,1248.9693970226558,1167.3906535370998,1216.8737872329145,1206.0075536089646,2.374261104957226,4.043125184789387,0,0,0,0,M039,2.88,battery
35.300000000000004,1,24.782643671025767,5.822851514726869,0.9527823162274367,17,1.1962698752101533,0.550102675112636,497.77685253491103,0.07022628090426287,359.73874801832466,1260.134007498393,1178.3514025271018,1190.0236218916277,1171.6379755917865,2.38072083025203,5.9652329449551225,0,0,0,0,M039,2.88,battery
35.4,1,25.01774043988022,9.671076676425976,0.9527530771980961,15,1.09331541911472,0.5859227822037527,489.8492896994192,0.15965374671051297,359.4737355937609,1184.2458974169144,1227.2170970026436,1229.5306126043004,1159.739450209358,5.507620984015815,3.473483906666923,0,0,0,0,M039,2.88,battery
35.5,1,24.668137859479202,7.831791362880926,0.9527223523188495,15,0.8194777862563596,1.06215695051431,509.3710014513019,0.060989029365738676,359.57576195837373,1217.321171363069,1217.7308644832206,1222.5543061830056,1185.1956119574036,3.5305966151232404,2.184145407449967,0,0,0,0,M039,2.88,battery
35.6,1,24.69856949465136,10.567300600557182,0.9526938202589617,15,0.9732898401392145,0.4719643331852792,528.8533458775667,0.0763169064036818,0.023595903043010513,1184.9281479482397,1217.6839586729939,1185.4835853209042,1184.4593487792536,4.353885030519759,1.996451331009484,0,0,0,0,M039,2.88,battery
35.7,1,24.80764415202452,12.751079917878096,0.9526595013101775,17,0.9189905286998235,0.9193555602131898,502.87437797171555,0.11289533964056561,359.91442392977154,1220.4552437154714,1203.5792934353442,1194.768001197777,1190.4566524330678,3.536534905558618,6.900438244743278,0,0,0,0,M039,2.88,battery
35.800000000000004,1,24.668178913769694,10.267002098828057,0.95262904464776,15,0.9922855687193995,0.5308326257019202,497.72920782023334,0.20572895518229406,0.030042344378867797,1200.5387262334027,1226.5454532134563,1162.560090568061,1236.618515683621,2.1178911896274495,3.4219275637749362,0,0,0,0,M039,2.88,battery
35.9,1,24.68458597848664,16.188160425969848,0.9525912353288938,17,0.9247989425383228,0.7515350395560312,496.10326520660914,0.4246219682269655,359.9174860250433,1173.9727072386752,1218.929624359218,1199.0419909602476,1196.9042531153473,4.420582193779149,2.7320952506393548,0,0,0,0,M039,2.88,battery
36.0,1,24.755454633307927,0.14040965959924812,0.9525620507139283,15,1.0056214975347806,0.3404628528703755,518.695983432676,0.24355569414503403,359.50069894291715,1188.666788471984,1232.6209883552872,1225.218452463092,1176.969653963609,4.00430006902118,2.6462797533048015,0,0,0,0,M039,2.88,battery
36.1,1,24.684995860686982,8.690596419562574,0.9525296468807803,17,1.0998217896071893,1.144835173811115,539.839705650105,0.25900920633044244,359.3802684940652,1217.936480348788,1256.8840259666401,1208.0754591503676,1191.8963775878215,2.2941022916722282,1.0333297255306848,0,0,0,0,M039,2.88,battery
36.2,1,24.885700117789256,9.029095517195756,0.9524956199245055,17,1.0942992665811435,0.08955332601803465,490.07781269208897,0.07496781561455004,358.8706328285479,1227.3134530352006,1184.7629763284294,1211.955135272339,1194.988373726876,4.212327883046003,2.5670282824904236,0,0,0,0,M039,2.88,battery
36.300000000000004,1,24.909823067748885,15.330154644519219,0.9524660419489994,17,0.8839339679966953,0.5930409743740951,495.55842373738886,0.14777675412387065,358.9931934922337,1211.092917893535,1198.137905238888,1195.3018528049226,1221.6227331710347,2.430573080821833,1.6755867694967683,0,0,0,0,M039,2.88,battery
36.4,1,24.654666116800154,19.060359731287498,0.9524288881359827,16,1.064542317983968,0.37379008540001046,492.64090239843046,0.022886954723138425,358.8699356470946,1194.5443123032348,1242.13673843687,1183.542072920223,1169.1881809512013,1.9147166770360757,1.6609114337387638,0,0,0,0,M039,2.88,battery
36.5,1,24.98228275996747,9.101088704288545,0.9524005890297599,16,1.0032196286189439,0.11207057104740215,481.07092026964335,0.0596618006764173,358.5836334726014,1194.4914353925099,1199.4517179474465,1201.8317934087042,1196.0149628056893,2.948458979374418,4.242685552373839,0,0,0,0,M039,2.88,battery
36.6,1,24.806551545480797,7.819156974842468,0.9523673198688742,16,0.9939063403823165,0.7961958408993632,492.2185333586122,0.1895832332776254,358.614018018761,1186.3437263669362,1227.8500436643162,1223.8695440459378,1149.3434836623499,1.816623140814091,2.891094713981871,0,0,0,0,M039,2.88,battery
36.7,1,24.809975233082024,4.351531005298513,0.9523356004654012,17,0.8918173302813124,0.35790673995738564,504.4323410242453,0.008908034475445378,358.4153135894514,1213.9393544909146,1218.0471709654653,1182.0486711260392,1203.2060358221854,0.774451018616622,4.666212541345336,0,0,0,0,M039,2.88,battery
36.800000000000004,1,25.011650677388474,4.204705445727027,0.952307918849932,17,1.275857522921336,0.749299548685425,485.9362040277859,0.10170269000767435,357.911439239611,1204.7364704247077,1163.340715797734,1234.6666883514238,1182.9998060540906,1.3015511942207465,2.9858174948300915,0,0,0,0,M039,2.88,battery
36.9,1,24.77783285256819,6.745212879605671,0.9522741056802356,17,0.8456336869600269,0.7951692418646942,524.7530496613979,0.0733224503770201,357.86502519567176,1240.1862170380743,1194.0320887760156,1189.766798531129,1169.2848498734272,0.38361231758159375,3.517005470349318,0,0,0,0,M039,2.88,battery
37.0,1,24.96273436924232,5.53339263681107,0.9522378754677295,15,0.9910187512498784,1.9203137364499536,507.728785274124,0.1645938298736826,357.5738707762497,1222.0143046605835,1233.5228303020162,1175.5607138723667,1206.954231585826,2.927904245199862,4.147528869418138,0,0,0,0,M039,2.88,battery
37.1,1,24.85966651681667,7.6149838554712,0.9522154565981575,17,0.9714114556726906,1.3707914844852116,490.4010374912472,0.055636608735704085,357.4694917473361,1182.551996780185,1209.8678116035255,1224.1446453081733,1191.3846846431945,2.986303917408307,4.161167362126756,0,0,0,0,M039,2.88,battery
37.2,1,24.874224894856695,13.14497887958963,0.952179392186359,15,0.8847616156679465,0.8958217932880831,499.4017346804447,0.1196774663846075,357.448109381178,1173.442308654499,1159.8543741140163,1145.5004030794992,1222.8781566252574,4.237026637348612,2.9434395566948854,0,0,0,0,M039,2.88,battery
37.300000000000004,1,24.7328956144006,8.718770748622111,0.9521490931653876,17,0.994970349667086,0.8859192175306667,510.70590548644697,0.11840802081230874,357.82164927657925,1192.8749767485328,1226.906019233608,1199.3793750660923,1209.1894080991492,1.5177163332867023,1.0351551367510454,0,0,0,0,M039,2.88,battery
37.4,1,24.810958846744903,5.0592063056348575,0.9521268407757937,17,1.0523255381343333,0.6555635945492728,546.0631174593804,0.03837468221744242,357.53423054834786,1168.0900179117282,1213.1872354879458,1173.282363417358,1210.5053518648701,1.2739090800784483,4.311887915826951,0,0,0,0,M039,2.88,battery
37.5,1,24.917791812969845,12.772329414740819,0.9521010830351442,16,0.9199369356859635,0.6488969198747869,483.4072806656508,0.17030460430914968,357.4139717696548,1189.2792711945283,1180.5669562774904,1237.3057346491412,1231.8037111932572,0.7047075284211486,5.1319463779977745,0,0,0,0,M039,2.88,battery
37.6,1,24.77452139882263,6.690178892352057,0.9520706954943904,16,0.9363024590413174,0.15878637719292626,466.1600207173442,0.12136904860147836,357.6901159625681,1196.3155959384583,1205.5997870482108,1178.014170255906,1165.8295492760724,3.2018447591758417,4.369463653690802,0,0,0,0,M039,2.88,battery
37.7,1,24.97656205334693,4.438667277487938,0.9520473845349916,16,0.9123716177047021,0.18381367001473803,518.1287166399729,0.18339334351617137,357.78203740317394,1201.2408261534113,1167.5740611849878,1169.1766444921295,1185.6993779066638,2.7964118909685385,2.6285505216714364,0,0,0,0,M039,2.88,battery
37.800000000000004,1,24.9254425974241,6.889682968452332,0.9520163368656666,16,0.9917700777289498,0.6186766649330802,476.82405615889724,0.10009362023786388,358.49918455996647,1183.8131023716144,1158.859069940456,1195.4660862084618,1179.63790943759,3.8993923063405758,3.5978049105918535,0,0,0,0,M039,2.88,battery
37.9,1,24.729150742684563,8.413212917864984,0.9519823587998129,16,1.0073904929471311,1.2701775023942758,522.8139665049415,0.057390970735797235,358.33704398713996,1205.8192378251313,1168.9585854027512,1191.4766646090413,1204.0136095518887,2.1038440979573494,3.442301352290939,0,0,0,0,M039,2.88,battery
38.0,1,24.872181295533334,12.134952305847897,0.9519490055730307,16,1.082333499524042,0.5429646786513144,522.7998622381824,0.10149785490116899,358.17853911129265,1189.4554329084037,1174.144978831559,1177.8161798913995,1206.2305100772753,1.090070880186375,4.4972224699744014,0,0,0,0,M039,2.88,battery
38.1,1,24.891003234217116,5.402291437329953,0.9519197971276527,16,0.8290554334111617,0.5408253192152797,508.2760411348792,0.11819159015053904,358.577509980715,1170.236159667524,1216.464022880114,1173.7586093612388,1182.126043034118,1.7164337994505374,5.776631227724683,0,0,0,0,M039,2.88,battery
38.2,1,24.772124266892206,6.275579291749306,0.9518890237662758,17,0.906720418888216,1.1947363501180017,533.6129834318585,0.07266567553249548,358.17849614948153,1244.759607560354,1224.0525373263179,1203.8267808578098,1179.5699596737393,3.9438777344150475,5.597755166184671,0,0,0,0,M039,2.88,battery
38.300000000000004,1,24.78414362929335,10.131776552146283,0.9518481164939487,15,1.163055443835949,0.30326812748794996,483.118557153587,0.08901443922098934,358.5031028461869,1180.541866381147,1187.1939195967068,1217.4517721140132,1198.553234987342,1.3068613650408734,4.3387319097036,0,0,0,0,M039,2.88,battery
38.400000000000006,1,24.733002790764978,12.248523966059308,0.9518059958136103,17,0.8800337464239428,0.5419747478094081,471.243954952545,0.1469844737777363,358.2783629325521,1200.9572436259627,1222.0815354060603,1153.9566781415235,1183.2733497113188,1.902607175703623,3.8146075593315105,0,0,0,0,M039,2.88,battery
38.5,1,24.774264454554018,8.990363196632762,0.9517734783607246,15,1.089212547916408,1.1004451107982525,492.43373855027147,0.008926809415711211,357.99699384984933,1171.0887118460578,1227.418922034559,1236.1588488526966,1239.6631301475463,1.9692165379240887,3.5023913674989107,0,0,0,0,M039,2.88,battery
38.6,1,24.812847360852626,15.496813939987701,0.9517364202751434,15,1.1055295639154692,1.3899380229287364,504.2862918669443,0.0295108073610918,357.64335379547106,1250.9831840555296,1171.3179796428155,1196.9081321228118,1249.6964557066483,1.1829728548927865,3.4436876168010944,0,0,0,0,M039,2.88,battery
38.7,1,24.896135375891348,11.045964849491293,0.9517078375716503,15,0.8565827673178205,1.0387547495206388,469.16110156781434,0.17256857880363702,357.2159752378837,1194.0027879356585,1184.3346752385335,1203.6823677853495,1192.7556000044922,3.6973630942766404,2.033947506221222,0,0,0,0,M039,2.88,battery
38.800000000000004,1,24.664357798667353,6.955379191737648,0.951682532532568,15,0.99728726389577,0.9584399513553601,512.1450819989507,0.03666867007764609,357.40838232203765,1241.0209182003834,1196.3024400266506,1179.596021801085,1170.9417778561767,2.6461494966250805,2.9537679837260473,0,0,0,0,M039,2.88,battery
38.900000000000006,1,24.83925290806614,13.787649210448862,0.9516476544012114,16,1.0486259933181137,0.3972542325479595,523.039838593366,0.02094290254440763,357.5366391024604,1201.2864486754745,1203.5297927677339,1201.0365051978881,1193.936384108031,5.326266403368277,3.9794812637820955,0,0,0,0,M039,2.88,battery
39.0,1,24.7613348184116,6.578852246155917,0.9516195525462673,15,1.0150045402549521,0.9390337105935457,497.0617083601322,0.07192260428238052,357.1712739099616,1187.4648313869172,1242.6826189033573,1210.769551859841,1254.5863917398126,3.0028366112391662,3.424864855740901,0,0,0,0,M039,2.88,battery
39.1,1,24.900358958686986,7.1939403840687,0.9515834562637911,15,1.0536078096694808,1.0893822187909667,487.5467328733586,0.1475262117705432,357.43469486227394,1215.5196564119444,1187.7929160445929,1197.9602908924624,1228.6998095566864,1.955499896686973,2.8350884180970564,0,0,0,0,M039,2.88,battery
39.2,1,24.736081002746573,8.677672941321537,0.9515497774779234,15,1.0335318534227944,0.7927888995058794,477.5329708884374,0.040734609362411606,357.3684809438437,1259.2824020067326,1231.6519558148882,1169.3497346090062,1249.5285171627258,2.137134362404632,3.12025900200038,0,0,0,0,M039,2.88,battery
39.300000000000004,1,24.867491689628377,5.452629126743209,0.9515211104979835,15,0.8380594051104555,0.4237825805525159,520.0450733246762,0.11104060566966062,357.0876362389798,1225.1644515167172,1187.3112996013056,1186.7223863433553,1175.0862625171112,3.4931690406159763,3.0157471104999827,0,0,0,0,M039,2.88,battery
39.400000000000006,1,24.898271288471616,7.453964539312161,0.951500358791876,16,1.0711921680988152,0.7519796093280651,500.1553339888246,0.11548073232437796,356.75370100956485,1195.3658982900497,1207.503787844442,1203.8072638798044,1173.3266350548313,6.79353502524506,2.983884324218174,0,0,0,0,M039,2.88,battery
39.5,1,24.74203829092108,5.748555070126638,0.9514749027022824,17,1.1446672968769593,0.5113643500161029,504.04069236672746,0.07798222250760811,356.6504261662214,1168.335416660878,1217.150380685174,1226.2724779771336,1234.6558609487015,0.5317768350134647,2.4961874356187677,0,0,0,0,M039,2.88,battery
39.6,1,24.851478442116438,11.574646695751138,0.9514405629232786,15,0.9145971420125028,0.2982769151025757,501.95754635937146,0.07088532073717428,356.2308602698217,1191.9799539041412,1220.3553970264454,1216.1107106972868,1202.6942318049053,6.777995338353129,3.2574424739570995,0,0,0,0,M039,2.88,battery
39.7,1,24.932011291703596,7.876730084245279,0.9514109212385177,16,1.1248950052021445,1.2230498118161037,492.1043248604581,0.2726461985111751,356.27792171554495,1247.171528999682,1226.0193695436199,1190.1439053526094,1212.399684296163,1.8755442045026827,5.009415492568455,0,0,0,0,M039,2.88,battery
39.800000000000004,1,24.701117968198364,2.8035564163106006,0.9513852949276408,17,0.8649836774336097,1.2665965809377182,510.88123050069356,0.04482177681517696,356.74447953138275,1211.7639588301433,1196.2830532231162,1179.2525830229445,1241.9234832393886,2.0122025560940604,2.375169267525239,0,0,0,0,M039,2.88,battery
39.900000000000006,1,24.818450454996153,16.06800776030164,0.9513528884840678,16,0.8955108225355,0.3265172281354932,511.97387826559753,0.19846761071682245,356.787071973841,1182.4622270845957,1204.1195938339742,1168.85551081658,1195.0547796786805,2.4026639908399403,2.234084557452557,0,0,0,0,M039,2.88,battery
40.0,1,24.71003661525124,11.946533823344872,0.9513197714634265,17,0.8230667107376494,0.4710534300406154,511.17952582348215,0.04219711157912994,356.32230391813613,1209.1852790601392,1184.044945877237,1163.8440030489007,1210.9544165334055,4.489585744703149,3.7443777174192454,0,0,0,0,M039,2.88,battery
40.1,1,24.784469060815166,5.673190556030794,0.9512952542718066,15,0.9622364189139081,0.6539656427147202,481.80569724811824,0.07360972352408485,356.33368150185356,1232.247160455199,1218.9964585065427,1168.9378677437664,1212.7312455051876,4.045912908203521,4.358094885746946,0,0,0,0,M039,2.88,battery
40.2,1,24.866223467930485,5.172258800780996,0.9512694321529229,15,0.856546092613955,0.6344421678993113,468.2997784196687,0.1359664577670523,356.8231283420817,1173.5232757829065,1194.2395679274796,1199.2193835374298,1238.27238285633,5.708046051006924,3.761878626068426,0,0,0,0,M039,2.88,battery
40.300000000000004,1,24.805049095548373,12.688095226491214,0.9512340358915182,16,1.02315701864127,0.3833388013247403,500.4926323761612,0.0833875574069537,356.16996836728174,1251.206518627397,1186.6218952281126,1186.3339234913412,1215.769156684841,5.964354307106918,4.431761216558426,0,0,0,0,M039,2.88,battery
40.400000000000006,1,24.79788891025539,12.070828430487888,0.9512081514693619,15,1.0451173901277364,0.39546325534860494,516.7956954181905,0.019905609777900415,356.29995996963817,1234.5453911690456,1165.0997870662347,1240.6661759731885,1229.4652355412086,1.9954553754379623,4.610890292293339,0,0,0,0,M039,2.88,battery
40.5,1,24.809256490916475,10.966076326398134,0.9511781574397444,17,1.1387950867920587,0.32610981353970725,484.93610966399547,0.22361550634446065,356.39676174401035,1254.021614895249,1202.0857901395304,1235.5815178701075,1170.2502662004206,4.741084760008178,4.0560726052104865,0,0,0,0,M039,2.88,battery
40.6,1,24.66603624404223,11.450743399904812,0.9511432772168379,16,0.9252214093199386,1.075630132341202,505.05098151630017,0.07694991140475987,356.69936345408155,1186.0280446056536,1173.3024398567131,1215.132488386358,1239.1468697801456,1.3579594577030007,3.783501441609504,0,0,0,0,M039,2.88,battery
40.7,1,24.510211184697845,6.661231346609728,0.9511157832842811,17,0.8212198880101835,1.4722353530895456,485.84504188313286,0.024333887717370273,356.491557524557,1191.275830339482,1209.30535893352,1222.4516560567713,1223.9462439119611,6.278562612324342,2.3256253269918816,0,0,0,0,M039,2.88,battery
40.800000000000004,1,24.966343333724918,9.790461892351814,0.9510800221023497,15,1.1195905545221905,0.7112366344886405,505.47746363506127,0.0951126487698745,356.3586105238581,1178.1520227270237,1213.2011855357098,1231.527514484388,1136.6257609650386,1.2155445012412789,2.1625374886678395,0,0,0,0,M039,2.88,battery
40.900000000000006,1,24.90527737357491,4.821743290850374,0.9510469479872704,16,0.8779874037931831,1.7105047425380584,525.3707987691864,0.050290780139886755,355.87442003122675,1200.1619020416067,1213.4810554484684,1233.0797414319484,1179.642569910328,3.5717685621853428,2.5808231948226306,0,0,0,0,M039,2.88,battery
41.0,1,24.803294311735584,9.99491363896004,0.9510140466937044,17,0.9325575160889716,0.22065987694866573,525.9634716887515,0.1104879525805344,355.46538834398456,1146.495598283118,1255.5087146229625,1207.6132365146325,1215.066492200224,0.742885763162928,3.3013835792982267,0,0,0,0,M039,2.88,battery
41.1,1,24.72018590413495,9.3917129460277,0.9509853666574553,15,0.9797192578393995,0.4689051065129465,468.4378603202337,0.26105319145354405,356.0367091015735,1212.0808915823131,1196.5579244620142,1194.8157308593493,1237.9608087007637,6.971410978799742,2.1448670313380527,0,0,0,0,M039,2.88,battery
41.2,1,25.089638306963977,8.09330173235023,0.9509529027062948,15,1.1415018217421353,0.7949453671005557,524.6877867917165,0.11475610215717558,355.99838918526854,1217.5998974036793,1179.667385625501,1201.637347192976,1205.7948674032957,2.4765156539135016,2.7525479256095156,0,0,0,0,M039,2.88,battery
41.300000000000004,1,24.840662770093715,5.248867926759651,0.9509236235100706,17,1.160550381029665,1.5836376936177334,499.35051132980436,0.21998877733042593,356.1775667612063,1202.9218197009475,1246.9278565852264,1202.8999467901606,1201.3574185805612,4.971656114871326,3.463970636617184,0,0,0,0,M039,2.88,battery
41.400000000000006,1,24.68710572637212,12.951690056072863,0.9508872594768294,17,1.0371113877067395,0.44196756705017326,481.5000780871489,0.025522360583257533,356.4218736920147,1159.8410085325731,1197.2779509368424,1238.0844226488387,1185.1841221881289,3.580733899188991,2.829787044259095,0,0,0,0,M039,2.88,battery
41.5,1,24.8819813528374,0.8361517907848022,0.9508584881246267,15,0.8724715033265096,1.4373689922553745,520.5342107562066,0.0729438203388805,356.5298135150104,1211.3945136952025,1236.6688549609785,1177.5313689162938,1180.579988297444,1.9058619570913071,2.681409435002468,0,0,0,0,M039,2.88,battery
41.6,1,24.69962496783683,6.724200519356021,0.9508278145502701,16,1.0848522499561228,0.15839522396830194,503.83053943625345,0.0806910893984573,356.8369389505633,1202.667174364254,1159.8320588044824,1181.725983398328,1149.5321719303654,2.7642508142719,3.6955187670140752,0,0,0,0,M039,2.88,battery
41.7,1,24.81174378474989,4.935774121499874,0.9507978309798341,16,0.9609276129124362,0.31018741306851005,485.6328110657509,0.33717127075036724,357.09472342220243,1194.5086191050027,1235.3861092142051,1138.89568563376,1261.9787152007248,0.9338464947350578,1.1596916862564803,0,0,0,0,M039,2.88,battery
41.800000000000004,1,24.667874236899465,6.617819764761554,0.9507697928468742,17,0.8392414443950943,0.8045641512167349,510.09120165093304,0.026985009307111958,357.25903380980793,1186.1549086407374,1250.2228396643966,1234.9656431435492,1207.07106821897,1.4645088520780583,2.836668686586118,0,0,0,0,M039,2.88,battery
41.900000000000006,1,24.78410252596828,6.600236423601809,0.9507407629403098,17,0.9046169589738673,0.5632295753263775,522.6519242546472,0.24108472709527287,357.5350080513166,1178.6455107138675,1201.6488862417464,1209.0620607479937,1175.671949782285,1.5601515814203508,2.2008070094231442,0,0,0,0,M039,2.88,battery
42.0,1,25.089822892177068,5.104306572526545,0.9507171931937076,16,1.1582147964806682,1.2578599437116367,520.2030529307416,0.09911121935150927,357.7296386284626,1195.06910699773,1175.8091376479013,1249.1040964046363,1182.4871685127514,3.7446804654169217,4.237597796899514,0,0,0,0,M039,2.88,battery
42.1,1,24.84107050296279,6.277255463385412,0.9506915379507532,16,0.8540080179376198,0.05960387303410368,488.296481528351,0.03403755260344931,357.7988175913195,1202.0726495000947,1236.4681502199037,1161.576021563225,1196.5507794511366,5.197057591213267,3.3298425193790138,0,0,0,0,M039,2.88,battery
42.2,1,24.92994312759926,8.21074281541759,0.9506629939590483,17,0.8748634926662462,0.9191350011580669,511.5167234935435,0.1950972431515571,357.52245049683887,1180.561418788108,1186.0315702555185,1209.8477962498757,1204.2342892822237,4.408091995830286,3.2955642298409717,0,0,0,0,M039,2.88,battery
42.300000000000004,1,24.75693497209943,11.861459458888067,0.9506331350971661,17,0.9418537392388382,1.5329187631085137,514.3879622673287,0.052274884635863335,357.6101216044552,1207.9068182034355,1234.0966658052591,1179.4866460413466,1204.4549709765918,7.033855655492001,3.887385382611005,0,0,0,0,M039,2.88,battery
42.400000000000006,1,24.822879770882764,13.876006627314034,0.9506031743726232,17,1.0492797849051656,0.1222999002914936,507.62338145988787,0.12242789255956588,357.68257556436885,1224.6361102926064,1202.4223603570745,1192.266908075879,1247.4527315244068,3.4751923977643586,4.50090729086683,0,0,0,0,M039,2.88,battery
42.5,1,24.818707697717162,12.143065211263163,0.9505692577930118,16,1.359712946581538,0.3359682519504343,498.26336589535623,0.1644285135814944,357.94205538848763,1142.0285965464452,1246.6944251674151,1193.651655414482,1214.6377975294233,4.1808594007714355,3.2904460346747175,0,0,0,0,M039,2.88,battery
42.6,1,24.740538065416082,5.1902310009466035,0.9505419410540719,16,0.841988745571414,0.6000846727377558,479.97539502787754,0.0521837045009842,357.7740959553327,1185.6784858776052,1199.7527833081201,1224.0820443496962,1228.984375255323,2.5944797123877015,2.316642999701965,0,0,0,0,M039,2.88,battery
42.7,1,24.671928103321537,7.236332437468379,0.9505087955146181,17,0.9114812525412626,1.0304058437654398,502.92723352079423,0.1982971663959896,357.36667049260956,1237.931263005891,1181.7410794746131,1218.2203091069482,1160.3789917960758,0.5106495160643628,3.677774355317859,0,0,0,0,M039,2.88,battery
42.800000000000004,1,24.825622835142678,11.223029948708763,0.9504739930903874,16,0.9791921625490403,0.5601698328120756,509.6000281792653,0.027431214642338934,357.3936683134854,1221.6570635887767,1200.6740461920072,1207.8409628555478,1208.96281280123,0.7478181881999644,5.295097936459191,0,0,0,0,M039,2.88,battery
42.900000000000006,1,24.779437883755985,3.0150320886015214,0.9504465047618212,15,1.2411542437889618,0.926372599589339,518.262093343479,0.13851160239653107,357.60709155093366,1185.1289973444034,1185.0059168982054,1204.1803499258317,1207.173718260788,2.022636967394492,3.258903036208909,0,0,0,0,M039,2.88,battery
43.0,1,24.828120254071873,7.339917465635552,0.9504139197764394,17,0.8539851856136376,0.4719344151485968,524.7823356320391,0.2102692755400298,357.8973985241645,1163.8252871037714,1172.834425232399,1250.3370451001933,1187.5103808529882,1.5409594182504829,2.8749536498726957,0,0,0,0,M039,2.88,battery
43.1,1,24.789891890777117,12.433083565812602,0.950379042645593,15,0.9375689530789822,0.23336557337135125,481.581513679042,0.0753618533352047,357.48529128085573,1196.8043509267739,1191.4455964368792,1211.1646261781118,1218.7065567065938,2.565561484770673,5.192015396598156,0,0,0,0,M039,2.88,battery
43.2,1,24.895280838280808,10.372700079446467,0.9503532597978831,16,0.9396782242705886,0.6182376567691744,501.56366175590847,0.1913689978500583,357.1777290702238,1213.8900069766191,1193.8652382269122,1199.2235787818986,1178.068601957035,3.4665106698848795,4.7576239946739705,0,0,0,0,M039,2.88,battery
43.300000000000004,1,24.833724364370553,7.960370709309879,0.9503148638337562,16,0.9825132265302624,0.34366861241787683,494.47695238184076,0.07395046338194797,357.59018295075686,1237.3537866060847,1208.353077193473,1211.8012705104318,1183.8308057147287,2.0576892305067016,2.5094571494739064,0,0,0,0,M039,2.88,battery
43.400000000000006,1,24.72037687785574,10.731956496797377,0.95028400851828,15,0.8971408387687339,0.9937567830171452,529.6327669661273,0.017799092316651607,357.6135028123014,1196.7234595125292,1220.718568538865,1214.7014549881576,1182.0119178632697,2.088556349201359,5.083491381171041,0,0,0,0,M039,2.88,battery
43.5,1,24.834095569816895,18.077423120389046,0.9502463206441985,16,0.9881273872765652,1.3262538809878301,504.62433570210453,0.15924959493154686,357.7516739650367,1185.4373778959634,1249.0460521128937,1164.8994833135057,1225.4223985590947,2.9358652133941456,2.4559191617222003,0,0,0,0,M039,2.88,battery
43.6,1,25.0252513800098,8.386213663197905,0.9502176004890266,17,1.2912272799351137,0.31802732103539266,503.7192944454581,0.16272651331131827,357.8037806700052,1203.7490721304223,1175.284756182756,1179.0205088059392,1179.786297328186,8.250041226131893,3.077287107626227,0,0,0,0,M039,2.88,battery
43.7,1,24.935314417863506,11.383763255598447,0.9501902278272085,17,0.971563378257277,0.6617899233666903,517.2502023073783,0.12621382047117446,357.73383541281424,1184.9588119350724,1132.6931639918962,1134.056269707828,1207.1807344947028,4.781773096923494,2.3598622364896014,0,0,0,0,M039,2.88,battery
43.800000000000004,1,24.817935942376717,11.853535371661058,0.9501619799842894,17,0.9460150204404111,1.465903155829746,484.7591379799325,0.15640116684815122,357.29808433393026,1204.7395696168683,1184.5098839987297,1177.6462993787673,1204.8444652530238,1.651610648474504,2.7213079986818314,0,0,0,0,M039,2.88,battery
43.900000000000006,1,24.94750189903318,5.051728169335544,0.9501358270190162,15,1.1292720187208598,1.0472539235629958,501.8520496124611,0.09777676910680051,356.7044654538605,1200.8575686193835,1216.5045766020305,1217.1416367941588,1157.351736649031,2.690436293018597,4.116686805239686,0,0,0,0,M039,2.88,battery
44.0,1,24.834311790184163,12.179886857153122,0.9501059209816398,15,1.0731060997715023,1.0879522102933499,531.3780771459088,0.07788514012046709,356.9655865613167,1180.6435180260378,1186.914019124208,1188.0379155405196,1194.6195325676238,4.693482087371915,2.026650187053597,0,0,0,0,M039,2.88,battery
44.1,1,24.992656054984007,5.707543282460978,0.9500779945720178,16,1.0563406728387206,0.589794164170072,492.3310785007061,0.21610434756836036,356.9631968952482,1216.2310961154953,1219.3225297957435,1203.9534967715447,1217.0332246802482,7.135702799302417,6.009101564819078,0,0,0,0,M039,2.88,battery
44.2,1,24.958217624422094,8.264613348226275,0.9500493101758838,17,0.9137143548468643,0.9967543248500085,483.9959200211592,0.015525754511880444,356.9009034513628,1224.4987396256429,1220.1577828568657,1188.1655501533319,1192.035072317905,7.540840101406811,1.9025914891898026,0,0,0,0,M039,2.88,battery
44.300000000000004,1,24.887231972698558,11.716483225616981,0.9500216284286588,17,0.9064699454405165,0.44992859432999976,521.6171935007385,0.11056296308527339,356.9524821272975,1184.8847770333934,1193.6389404324175,1192.8689805007314,1181.4869477139587,3.017976939040617,1.4434825485792893,0,0,0,0,M039,2.88,battery
44.400000000000006,1,24.85943077239611,4.436324081193492,0.9499909813263242,16,0.9408234715719328,1.3392803547419705,492.46441993465606,0.10115788845818098,357.2251818167534,1218.8595120492812,1172.0235988465363,1229.1237489299917,1171.4049320729898,2.1220087058794315,6.187255473519453,0,0,0,0,M039,2.88,battery
44.5,1,24.750481405436883,12.17399232437401,0.9499586174203828,16,0.8379543600881023,1.1423227338635547,483.3413035745476,0.08207642977113114,356.9379132275526,1159.670293526588,1208.1204547769867,1203.2809261353432,1265.5274313843047,1.3000004643408447,2.8495788344650754,0,0,0,0,M039,2.88,battery
44.6,1,24.76948653550236,13.914564054710834,0.949927911241783,16,0.9204805773224922,1.7567313689658952,489.73348386904723,0.07597154454255306,356.8315391701959,1193.9818404434782,1186.397775082828,1199.208266290335,1211.6916398167623,2.323652305848032,6.841748427188465,0,0,0,0,M039,2.88,battery
44.7,1,24.75445541377428,0.8564734086884487,0.9498979685541606,16,0.8822287759519136,2.157875236452627,474.51577347646884,0.16486478093930898,356.5799809252564,1176.4998615036304,1188.6235990110918,1210.645095074429,1192.7643311935146,3.4390945518237066,0.846811341812136,0,0,0,0,M039,2.88,battery
44.800000000000004,1,24.86614228195674,9.406829387900737,0.9498647681755169,15,0.8716530835823837,0.4953330356834697,521.1671421362622,0.06892672984578611,356.5480364751722,1192.9164987643637,1218.6378706447379,1190.4754908199948,1216.457745337454,2.980349178240571,1.6203644896342175,0,0,0,0,M039,2.88,battery
44.900000000000006,1,24.710153541457718,17.27884665695403,0.9498303395240966,16,1.0511150193837784,0.3055017100930151,485.911195013606,0.1653868330926249,356.3990784412487,1209.64052921122,1199.9950373649797,1235.2683257320596,1143.888405909479,4.002991980248193,3.1685236705635695,0,0,0,0,M039,2.88,battery
45.0,1,25.002243112456206,13.800165488722893,0.9498073219110106,17,0.9057613477319578,0.5340962704664144,509.383697124095,0.11265417108234621,356.0500491242082,1183.3448249455219,1174.7237822544798,1194.7616399269602,1192.756830453862,5.6776267271999,3.3182916474107356,0,0,0,0,M039,2.88,battery
45.1,1,24.946149292302866,17.44771317484947,0.9497756399550137,15,0.9393700776296783,0.7511420697627414,514.2877921893504,0.18907313611236853,356.02877344738,1206.3530503766442,1186.8348390074293,1214.6640673693676,1197.5469284424516,2.0675134965200206,2.8125109175055982,0,0,0,0,M039,2.88,battery
45.2,1,24.62984363707979,8.944953641359692,0.9497312168069324,15,1.084797711347532,0.14116702314680388,513.6150481327946,0.15725625352373543,356.222154766297,1212.7473446910942,1158.881491829359,1160.3283865762246,1174.6765162946188,5.81256858012115,4.566724481842219,0,0,0,0,M039,2.88,battery
45.300000000000004,1,24.547746345351626,5.418174227930376,0.9497025422053501,15,0.9017494139343287,0.4390248820925541,481.68991711074824,0.04429349776046993,356.0805451666742,1240.8712923953449,1171.419482833988,1173.226535577078,1209.6621549804072,2.7501960907235428,1.9794846181413606,0,0,0,0,M039,2.88,battery
45.400000000000006,1,24.820933681470926,3.27349920350538,0.9496725950623885,16,1.014091140436686,0.7383023521072347,505.30295337348394,0.2584469321369107,355.88370060895267,1210.438907866751,1180.1739902410484,1199.9201973533698,1179.7605600697857,3.0538204099203545,4.1441874780985835,0,0,0,0,M039,2.88,battery
45.5,1,24.808012787594688,8.13032142176156,0.9496438811916498,15,1.016631950505173,0.34998495116115985,511.8976504126216,0.060729068715122465,355.6826528015237,1134.129935020786,1213.3586823109588,1195.443095645219,1200.9229766076137,4.118167635692386,2.674126275657582,0,0,0,0,M039,2.88,battery
45.6,1,24.8012321992791,9.799716336969084,0.9496079412627891,16,0.935645041048685,0.6653932556202256,482.10221021674465,0.10455918309967717,355.84646593133124,1210.9865717076584,1220.118116754392,1203.3973788429382,1177.480692996136,2.763721402972525,3.122855944959579,0,0,0,0,M039,2.88,battery
45.7,1,24.82562615465076,8.157709797056212,0.9495815597783895,16,1.1163370177129155,0.6390049634616338,464.82643208780667,0.03687612352937303,355.6962221253672,1176.9994058849247,1185.0539217074677,1222.0754417774533,1216.519086554317,1.6689755541695657,1.0584596663598778,0,0,0,0,M039,2.88,battery
45.800000000000004,1,24.881660160815983,8.501451502610733,0.9495528446757538,15,0.8963204493794191,0.3676703035968338,514.6312956622633,0.01614538879405385,355.455229423483,1217.4523087732196,1220.3182643943426,1167.3635693654521,1150.5074489058616,1.949596312899419,1.405631829426587,0,0,0,0,M039,2.88,battery
45.900000000000006,1,24.83290577509346,7.422421308358983,0.9495209854747393,15,0.9927071450385372,0.45531497581005703,494.87933847923733,0.22447634433585573,355.31004295840637,1217.0640452492692,1198.8333832568871,1220.0605345558306,1229.7255557318408,2.676092487710809,2.7274786464039393,0,0,0,0,M039,2.88,battery
46.0,1,24.806938562161037,5.9903971319311555,0.9494924350790789,16,0.9247406632124286,1.3731019781435656,554.0286936787064,0.23155784087939354,355.54864768653977,1196.704653275993,1193.9378681255919,1219.751920782004,1182.83517949758,6.3922355739771906,2.1591728187444943,0,0,0,0,M039,2.88,battery
46.1,1,24.820822316367355,7.661478538692783,0.949459891386812,15,1.0458435906218388,1.8661012109939337,482.349288941057,0.08214225493477051,355.7046814849238,1140.0167445808313,1180.1176811922485,1191.5525448779802,1206.2076212493691,1.9932397065586747,2.780465357823295,0,0,0,0,M039,2.88,battery
46.2,1,24.779490612004203,10.298170748662027,0.9494261549490294,16,0.8235387787080063,0.7443184301426885,474.42783143715036,0.15804715259628266,355.5658495737166,1233.351259332478,1211.875838934745,1241.3477587178959,1191.5917128555695,2.257958397828081,2.532312397606401,0,0,0,0,M039,2.88,battery
46.300000000000004,1,24.91126991544957,12.967783080159071,0.9493932378152088,16,1.072532272869212,1.4179231734059359,466.12980550206765,0.010694614102051645,356.07869792225785,1222.1324798356648,1198.4859266307515,1193.7134343263194,1202.3626840418208,1.6509325732708686,4.332306320991842,0,0,0,0,M039,2.88,battery
46.400000000000006,1,24.9571165353095,6.425753620036443,0.9493593150093965,16,1.0182303887015092,0.6866595854478689,523.6579492963198,0.15598311924830663,356.45188475645847,1224.6721138647995,1200.103364067002,1213.030728976802,1189.8672512461103,2.1523937782429607,3.5215321784770404,0,0,0,0,M039,2.88,battery
46.5,1,24.706355938739,10.935199619320972,0.949325481319829,16,0.889525764215895,1.6466918327162137,499.3970698043627,0.09345433479845672,356.5907937120632,1225.3761559573015,1170.5210368959133,1185.5940927765348,1185.56234810302,2.792784427330843,2.7162127517458154,0,0,0,0,M039,2.88,battery
46.6,1,24.81904754737608,10.792575779277302,0.949289840319863,17,0.9389882556747455,1.623647611040674,509.30784467219456,0.04211448784481263,356.95766977569366,1186.8822552496727,1178.1772283732273,1217.6060581072504,1203.0508886991,0.916558198663528,2.8775267657872314,0,0,0,0,M039,2.88,battery
46.7,1,25.00775744788912,13.025329442718656,0.9492625064497086,16,0.9299708433304585,1.6156311701270638,486.1320513777917,0.21130912872248547,356.9071181980536,1213.3158338646888,1220.7322104598074,1228.0982018823086,1182.4593925117351,2.8624746569362953,3.5634229695052078,0,0,0,0,M039,2.88,battery
46.800000000000004,1,24.684069634245933,7.585110832046586,0.9492358143702099,15,1.0645669661918278,1.9206391520303354,496.993899962893,0.015308705393557588,356.95105941472514,1169.7501077014645,1221.2960297284742,1190.99040196258,1197.2660325444465,2.2190866257391613,4.733907148153648,0,0,0,0,M039,2.88,battery
46.900000000000006,1,24.957115967022975,8.641428630744826,0.9492000340019516,15,1.2487308894775864,0.5623414993713426,506.21969627837814,0.039334068211835216,357.5914066029659,1242.933416883425,1209.1779835885134,1173.5022439853587,1191.8305957486064,6.041119121236975,4.168643113743038,0,0,0,0,M039,2.88,battery
47.0,1,24.92790202537342,8.599221049798214,0.9491733771946063,17,1.0765809343911077,0.3703411252276174,498.4270438174953,0.05576114672851351,357.76768196012205,1186.1841440891592,1181.19867692147,1182.3253077156908,1232.8472289791835,3.335287867435758,1.4526260551449364,0,0,0,0,M039,2.88,battery
47.1,1,24.921625458765497,9.332989748122632,0.949142385477495,15,0.8625712958463468,0.4269687627572393,476.81725367177245,0.07268778564958095,357.7068054783647,1219.5992338651595,1199.8247090454763,1195.311331314009,1248.0513268880406,6.3050800137797935,1.648974844358282,0,0,0,0,M039,2.88,battery
47.2,1,24.76520692959647,12.675608499952189,0.9491096750385293,15,0.8543762140083198,0.7173552711521427,499.42138705057005,0.03493378694983913,358.3512333056084,1204.0535882270656,1209.7757201194584,1204.2366224613183,1241.743438808213,2.4315463527066594,3.3192999462713475,0,0,0,0,M039,2.88,battery
47.300000000000004,1,24.872677121122194,13.393770654924655,0.949083796038091,16,1.0195651176492824,0.7464213972543815,483.59919035734583,0.1252907097178909,358.2136522499381,1230.0192864067812,1208.0802767160387,1205.7768584066005,1213.4992017242057,4.756178640662661,3.980160271155079,0,0,0,0,M039,2.88,battery
47.400000000000006,1,24.814120510364024,12.481459148160917,0.9490511275629474,16,1.1704743305073186,0.4555658465152771,519.970161944121,0.15966331477626095,358.38938179253734,1207.565872000539,1193.565103895259,1190.1473087103536,1195.0326503431606,5.093685994992821,2.4867240178178043,0,0,0,0,M039,2.88,battery
47.5,1,24.709543381215873,8.902523027162207,0.9490162322901329,16,1.0170451303852812,0.5613652167195193,517.7256715078538,0.0711232174787976,358.69990343302175,1213.3029398814183,1204.4667810368967,1197.9306026534343,1220.272155387435,3.8756483221169473,4.130656760176965,0,0,0,0,M039,2.88,battery
47.6,1,25.03477500358241,7.8751661444352274,0.9489868101145725,17,0.8329185328594728,0.4181555681146488,523.3676798577536,0.22212942192627871,358.72241625287995,1209.6130718785387,1202.786014382274,1222.874267721222,1177.5535322384053,0.9890883780445421,5.936732053538005,0,0,0,0,M039,2.88,battery
47.7,1,24.72176661604006,11.606842826458188,0.9489578991970719,15,1.055027124344842,1.1111329950903137,504.4074395792719,0.19235666937622894,358.7624139132502,1184.666922695724,1186.6248629257018,1214.128924516947,1175.5549824630543,4.369363809529787,3.2316162677743066,0,0,0,0,M039,2.88,battery
47.800000000000004,1,24.82242253049932,4.978985346511876,0.9489275538887638,17,0.8834013976188029,0.8158229001809564,517.4414913347798,0.1457056018237015,359.4713868969412,1216.3393032882207,1183.9529178803398,1241.4755013642755,1194.2650015966583,1.7870179638578487,1.8789240394283513,0,0,0,0,M039,2.88,battery
47.900000000000006,1,24.846584829488407,9.074094037397149,0.9488875411344243,17,0.9865556135103503,1.2340337966814117,505.00734630709593,0.07001986048542394,359.41176956219954,1194.5299491947987,1226.134851649522,1216.6875500973526,1216.7006610250266,3.4773163672023406,4.044962844023197,0,0,0,0,M039,2.88,battery
48.0,1,24.89546310096757,4.128717579086976,0.948864197785124,15,0.899769458437484,0.7683422585383178,504.1154231024368,0.14760360564003336,359.20670386510574,1151.1235534112259,1220.9457705765672,1223.5990901304517,1180.8738426964974,2.87343976272468,1.165463672690058,0,0,0,0,M039,2.88,battery
48.1,1,24.985666248145254,10.628273771953129,0.9488270324846454,17,0.8835507189536058,0.7374730053136545,509.44758740464283,0.13609646325908367,359.02880191286505,1199.0046145863914,1204.664688004504,1183.2246754042615,1166.9346616894597,4.802842943649302,2.7114452152543205,0,0,0,0,M039,2.88,battery
48.2,1,24.668761109646343,8.455582030209126,0.9487913483193933,16,0.9316141162548592,0.8117409667666955,520.734261287461,0.10229688178268073,359.0088849354502,1227.4059721438773,1171.9926036289762,1180.7125611531856,1213.89617521333,2.5965529422275013,5.15656887092169,0,0,0,0,M039,2.88,battery
48.300000000000004,1,24.904585340066138,12.776621529559854,0.9487546646152814,16,0.9194371276135873,0.9437017622463575,511.29494866186946,0.05536825234711913,359.0610695734905,1227.1952869655995,1220.6445469509908,1242.0353610646735,1218.9998380292054,3.679610353236783,2.764926853909998,0,0,0,0,M039,2.88,battery
48.400000000000006,1,24.570651585625534,10.355829267629689,0.948717711222542,16,0.882452789760994,0.38451597471584964,484.7471705903114,0.14903168192377253,358.56137755598115,1230.005491605172,1197.9009984935476,1203.1800274433529,1198.9002312853715,2.0777993630557745,2.5530353128323613,0,0,0,0,M039,2.88,battery
48.5,1,24.971608314831467,11.964884215049642,0.948688831866445,17,0.8728306162845103,0.3605139043355523,462.823226767517,0.22489583351835257,358.53675718644735,1197.7291415436894,1208.767276487087,1222.2282767237077,1207.5686278732373,1.6676862423231666,2.2282756855188572,0,0,0,0,M039,2.88,battery
48.6,1,24.786032573518753,4.807506427109022,0.9486581665685542,17,0.868411112921554,0.3632693989109165,507.553149027037,0.044971711537489904,358.3002600558098,1194.3880170428583,1225.415944977919,1222.9190337405862,1188.5780375937034,4.33313806106787,3.341267924683507,0,0,0,0,M039,2.88,battery
48.7,1,24.671252538693217,6.359849644823624,0.9486277904991699,15,1.0889884482158487,0.27840773571647315,508.126518929203,0.13829440875204965,358.07057393606203,1179.505492406167,1268.991205082024,1234.449558692357,1202.1000021133075,3.161779215608925,4.158721132053219,0,0,0,0,M039,2.88,battery
48.800000000000004,1,24.998870311085238,12.026297955346436,0.9485883385919527,16,1.315758400221026,0.6821103304880309,525.4515501967514,0.04653530037140126,358.32699827706523,1171.203101228275,1188.4990951280681,1228.060505781108,1283.1709729024308,0.8711886479045219,2.017495737182008,0,0,0,0,M039,2.88,battery
48.900000000000006,1,24.654639926991816,11.878208203775857,0.9485534558477803,16,0.9842264393639328,0.7249890687061592,483.40484490569906,0.06318024468632996,357.96921843163676,1173.6192556897563,1223.315243681445,1203.953222670938,1143.0674878639388,3.630105924169349,3.4336138771485665,0,0,0,0,M039,2.88,battery
49.0,1,25.092305229877738,11.396117075252205,0.9485185663963996,16,0.9719716524768789,1.162634023362392,531.7532390456885,0.08085215328731027,358.47808308181897,1228.9096374251903,1250.7688628228864,1185.4603292617196,1217.2132142579578,6.462724627659896,2.3035287488815297,0,0,0,0,M039,2.88,battery
49.1,1,24.812445604727767,11.00308138150187,0.9484808510478298,16,1.0134388612153284,0.43491339633337844,533.4073975283512,0.3379493292390007,358.22266736312434,1206.2418941993315,1208.7260592534217,1202.9405944201794,1206.1853884105524,4.969996731868768,2.34662620437201,0,0,0,0,M039,2.88,battery
49.2,1,25.072224407512348,0.5574767823676758,0.9484513253412491,15,0.910640069401283,0.9975440964328426,483.3981568377667,0.12416036227394386,358.0099052652232,1189.2367059826172,1200.0248513956983,1197.8330054064556,1184.951090079709,7.3735564759376935,3.004430151180724,0,0,0,0,M039,2.88,battery
49.300000000000004,1,24.92070844233986,6.19929253943855,0.9484183376078482,15,1.0309911096309983,0.2906139780314403,527.4989275198106,0.061513488305788566,358.34128841808894,1212.1392153109934,1179.7817225563856,1212.4549952635145,1149.943363106709,0.4653664996288596,3.783016260837048,0,0,0,0,M039,2.88,battery
49.400000000000006,1,24.658062285782023,10.623575439105275,0.9483873091229574,16,1.1767907036244216,0.18896254159887593,479.74882222967636,0.20464863519651932,358.81115870951925,1197.9698583085708,1197.3937558754656,1182.3543498248073,1190.1453802764106,6.870108412705887,2.666994013403558,0,0,0,0,M039,2.88,battery
49.5,1,24.967270010162263,10.468540185104983,0.948360179397474,17,1.120075057076582,0.5719210442294819,492.69374493785404,0.04494404418898157,358.8773273448771,1217.6016845320462,1156.5905617108883,1205.0560048150946,1202.50709440938,1.6308077365373996,2.698562059613144,0,0,0,0,M039,2.88,battery
49.6,1,25.04621582494497,11.198130010637502,0.9483260974703068,17,1.3030713360842712,0.7071663999568434,482.46765106356827,0.16665317931058704,358.67659312411615,1162.7259827254952,1176.0637344918885,1182.0829893350142,1191.0569772006672,4.977848996560082,2.4468688277530157,0,0,0,0,M039,2.88,battery
49.7,1,24.889553943779113,7.2854835074903,0.9482948352847227,16,0.898078538669326,0.7459382609303263,516.5899822984544,0.32244561063585686,358.6925590627881,1194.526773933183,1176.5907123650816,1187.7935448563712,1243.287457348081,1.2771233536373132,2.5099643185331892,0,0,0,0,M039,2.88,battery
49.800000000000004,1,24.77144015785276,10.977248763765193,0.94826556721411,15,1.1442784499509406,1.0048746702855105,492.85635789168555,0.14624480641513324,358.77116992650747,1215.4387173736732,1212.3303989616645,1256.0044133362055,1221.886676740442,0.28659167438959976,2.7053514166124293,0,0,0,0,M039,2.88,battery
49.900000000000006,1,24.67601337070301,12.962551224374412,0.9482349645367534,16,1.1986319845302853,2.1391647846126864,488.90915193523045,0.22665017952183655,358.6986023561238,1128.6298113461953,1199.7678360721077,1189.4381390781095,1205.8146847249068,2.841227582350972,2.7114661916650498,0,0,0,0,M039,2.88,battery
50.0,1,24.851380452427914,4.075447102206635,0.9482088697647199,16,0.8487515032030516,0.19753787900428404,473.7005336931466,0.13555043970041886,359.0171288129955,1207.2142524787241,1186.323646117162,1155.1142790053325,1193.312989066764,3.131722421684761,3.6971441684368918,0,0,0,0,M039,2.88,battery
50.1,1,24.792941124743823,7.607709116216589,0.9481766767287114,16,1.1849159313200017,0.3751611099916998,507.2979703095923,0.07109239687460264,358.93434855537697,1225.188602283255,1187.9606716301369,1211.6802568587023,1211.0656336622849,4.004904402580265,2.5583954637528423,0,0,0,0,M039,2.88,battery
50.2,1,24.828392968696722,15.632318488146547,0.9481374052079707,15,1.1862080828614587,0.20401134631882667,524.9984577846649,0.2733595374720591,358.61545910063035,1212.0990346234335,1212.9458648785308,1220.541194159572,1232.369157407102,4.996401820020684,3.802925200324841,0,0,0,0,M039,2.88,battery
50.300000000000004,1,24.96248545393286,9.337323143910389,0.9481093449000193,17,0.8762108123134352,1.4760983414552826,498.5590260817865,0.2648079391932274,358.03129181376727,1190.6519515936848,1195.3898193396246,1141.8779296155078,1186.03583257,8.071030831395692,4.573824437015943,0,0,0,0,M039,2.88,battery
50.400000000000006,1,24.879343310594518,11.282046782570962,0.9480790945114077,16,0.9128918674590097,1.036512763812586,516.0242330743021,0.010565283759563967,357.02756726934314,1201.8654028383487,1204.3110039328526,1206.6163852685902,1197.0808148946294,3.179377510262962,6.130939832185227,0,0,0,0,M039,2.88,battery
50.5,1,24.933684170852818,8.183653809664367,0.948053483056685,17,1.0932323136691364,2.6013172440450716,522.5673722163776,0.04995973588352442,357.26359629951907,1170.8776742391021,1246.104488181874,1224.514737255893,1234.2386582711902,2.3008246496483205,4.733285353604913,0,0,0,0,M039,2.88,battery
50.6,1,24.614646539471874,14.138659824009473,0.9480217849055635,15,0.9852697014148677,0.49390328503504766,504.1172747191367,0.12160685331228109,356.84712418198177,1216.809474020289,1207.5632788550522,1195.5794939708314,1163.8071428408539,1.5021849718623297,2.0616108074261366,0,0,0,0,M039,2.88,battery
50.7,1,24.666991690666453,14.009430956984737,0.9479873838144292,15,1.1154786528397342,1.2584671753121939,534.8018732895971,0.10979256167680553,356.7832581357673,1195.3351663883086,1179.5749675403947,1209.2527493722641,1174.1888760724776,1.6034390887230403,3.4724919357010577,0,0,0,0,M039,2.88,battery
50.800000000000004,1,24.928076000287522,8.493566159730417,0.947954033924155,17,0.9414667323074484,0.17490213303571234,497.78529792361917,0.11630338382430415,356.6541755318217,1253.5535800648272,1201.2737809845703,1140.0608001496757,1205.2725277435507,6.882486405268828,1.5222774339147267,0,0,0,0,M039,2.88,battery
50.900000000000006,1,24.771656995528065,7.466432411819677,0.9479184174784716,17,1.1312221964520968,0.9274738222516464,503.1437776148799,0.08153505492640933,356.4283280601016,1223.398132871169,1199.2994159120128,1187.9663318257528,1216.493509223134,6.485029730671789,4.2094429421983275,0,0,0,0,M039,2.88,battery
51.0,1,24.821275151637032,18.488040765288353,0.9478877105497433,17,0.9478359617422879,0.6321813216090905,504.0204202951424,0.10257193493254206,356.9834344946276,1193.163133159296,1177.6507512197368,1201.2783127669607,1188.9061513087568,2.9937594536442464,4.728323290750881,0,0,0,0,M039,2.88,battery
51.1,1,24.452992343907074,12.826216185812875,0.9478554435641149,15,0.9234909581508762,0.7947173717654692,502.61679563011614,0.11781785591362438,357.5718384004026,1238.9781109379583,1239.4830908315528,1192.277169370387,1198.3964876059754,7.540964655410765,1.7963027359479187,0,0,0,0,M039,2.88,battery
51.2,1,24.682339041603843,16.0425258872478,0.947816608136216,15,0.9394000426808422,1.3658787664079264,517.7868409968185,0.3082612041238649,357.6522052411331,1226.0010500275112,1199.9795326103651,1184.986685288613,1155.2299430945466,2.744994151084768,2.1628793784280127,0,0,0,0,M039,2.88,battery
51.300000000000004,1,24.94463871427086,14.928570672349492,0.9477829819163589,16,0.9294123168834354,0.9187764963399963,484.8438417914461,0.07926156034148008,357.87399517144297,1198.7748450641811,1202.9920234156837,1221.383319503604,1223.4402284021103,0.745498823342669,2.5891715411088834,0,0,0,0,M039,2.88,battery
51.400000000000006,1,24.814417448324157,5.113704964472912,0.9477482803773569,15,0.8669211414682348,0.7285410491706914,499.7185423441715,0.11065279743679489,357.43720022453874,1196.2016861470431,1171.1395374117383,1217.213460754534,1197.7056653013576,1.5944627363546755,4.355427242519434,0,0,0,0,M039,2.88,battery
51.5,1,24.679583794473373,6.976016144852804,0.9477233482992546,15,0.8511483635214272,0.20439970706819818,513.4703358962851,0.18191467969740535,357.268888267072,1190.6137029596664,1228.3295990138483,1182.0498915280634,1166.8461284943407,6.084919320350463,1.1741166878724358,0,0,0,0,M039,2.88,battery
51.6,1,24.877628857581843,4.669948239733427,0.9476900661774947,17,1.0221933067944702,0.49072292700493103,478.50318897892794,0.33486364680293684,357.2996704080988,1190.090630307881,1233.7084163748839,1227.077312103001,1207.1467570555867,7.2392179271926045,4.039589140658225,0,0,0,0,M039,2.88,battery
51.7,1,24.735935946184128,2.520731968531278,0.9476596192550103,16,0.833338731652043,0.7563351259710024,487.43619059095903,0.10146283061289961,357.3126106717418,1220.563915807872,1217.0808341544578,1198.8637315943458,1218.422015904975,1.4698576405387032,2.90581422232297,0,0,0,0,M039,2.88,battery
51.800000000000004,1,25.083480319987544,4.656942496673454,0.9476260722145128,15,0.8211511527335433,0.23686392282040783,485.41433654464777,0.09224874573256638,357.36613560781524,1228.3301184511688,1205.2787802957912,1226.145110221166,1198.7013289327488,6.724238570485455,3.3567733053711577,0,0,0,0,M039,2.88,battery
51.900000000000006,1,24.677192991274097,10.243364780894261,0.9475946045181027,17,0.8770679384653755,0.5248006203725671,491.43483482965706,0.1603076273593208,357.72404962349987,1228.8252157036848,1179.6588093685762,1171.4689397071336,1183.1451223524043,2.072186872239298,4.425026712803805,0,0,0,0,M039,2.88,battery
52.0,1,24.88281503813786,3.4024366746379897,0.9475631206708103,16,0.8747824797881085,0.7517964341717486,530.5116163441352,0.2714440359419839,357.88021473747165,1237.790876770744,1201.5874313229463,1202.125717564525,1253.3253995256212,0.9430487604882954,1.994269580096328,0,0,0,0,M039,2.88,battery
52.1,1,24.693332652086003,7.065904534903636,0.9475335869140127,16,1.3493446911307507,0.8743919230191274,498.76686944655984,0.02118487438120121,357.9960655614143,1182.1362484775066,1218.6365756899588,1208.4382749138174,1196.941580064124,1.2378417802150725,1.4423946515155885,0,0,0,0,M039,2.88,battery
52.2,1,24.781262677324428,9.50570342601487,0.9475031049449515,16,1.1031274013978232,0.9361835275496861,508.7281295680959,0.0885543252627681,358.15046700126476,1189.2001463510496,1213.0798662583911,1196.1407699315448,1189.7480328506313,2.8794165849834346,3.933327809721663,0,0,0,0,M039,2.88,battery
52.300000000000004,1,24.774673041211248,10.613633694674512,0.9474679791119848,15,0.9535911611226314,0.783042000279301,481.61500399150816,0.16524595428558814,358.2547126998574,1235.3573650425571,1194.021086959069,1217.537362306377,1182.7768724343366,2.8128484410091024,3.765059049916588,0,0,0,0,M039,2.88,battery
52.400000000000006,1,24.898227795454684,7.914400594476074,0.9474365321350969,15,1.1646921985254644,0.4386594514747948,501.55798933504894,0.08326849493475431,358.0282136859089,1178.925152757641,1212.9227445392032,1221.550653904671,1184.000767165117,0.6954809821003365,3.0527701521821182,0,0,0,0,M039,2.88,battery
52.5,1,24.776927236470456,13.50530675767498,0.9474039283049203,15,0.9587429852925626,0.34746975775961175,488.20353438594776,0.1981848355187602,357.7290292417565,1192.7817785722807,1187.7677654788438,1273.062368502194,1142.9661800002607,3.756933932864597,1.249985377565302,0,0,0,0,M039,2.88,battery
52.6,1,25.022544660370134,9.486664119838338,0.9473747930502642,17,1.0381002936846493,0.8633861742421708,502.76402451755035,0.10730790513347323,358.0866100291434,1202.3018771841532,1198.995170012514,1165.4408023359208,1178.161775462809,7.818111983057564,3.4440582975620817,0,0,0,0,M039,2.88,battery
52.7,1,24.811412937695923,6.187317778431505,0.9473433408797085,16,1.0895788280440353,0.6136709161650308,500.67475063625346,0.19364162971198062,358.329992757861,1218.860794036029,1197.966771245715,1227.0853375919849,1172.8370161820146,5.847731969599565,5.357037293648232,0,0,0,0,M039,2.88,battery
52.800000000000004,1,24.801798886625306,10.998667758470578,0.9473192985807706,15,1.3479976324033969,1.1205353398671511,512.9833400054342,0.2406989585452408,358.4894034493066,1176.6577324182028,1198.3101716212918,1170.2933775386623,1203.0829766641218,5.722688617433779,4.489851185644879,0,0,0,0,M039,2.88,battery
52.900000000000006,1,24.87999806098393,9.38776752539338,0.947285126259434,17,0.8426265541159347,0.3125201677317885,485.4430900415622,0.19193350408268423,358.3930515451201,1243.1730898203607,1193.0571478247773,1175.3771314708026,1188.4175469019012,1.7003130752041111,5.037393068610957,0,0,0,0,M039,2.88,battery
53.0,1,24.751975786721744,7.565997104461913,0.9472561422447463,16,0.9507394725967686,0.4997390648046082,500.4345122196246,0.1471300915810603,358.3792029613238,1207.5179660039537,1186.4561271290333,1217.2677798744317,1231.8456419961171,2.6131608868359555,2.1067831788785796,0,0,0,0,M039,2.88,battery
53.1,1,24.782113448133305,10.806309083215496,0.9472243391336871,15,0.9966676471263727,1.968092333829838,500.77492431809145,0.08623413124153309,359.0384678312445,1211.9512897866068,1193.5857427128096,1200.8905647176248,1199.5160762181122,1.5271419660325565,3.578548359043955,0,0,0,0,M039,2.88,battery
53.2,1,24.83863386133211,9.588957588239579,0.9471883674298915,17,1.1719457214716709,0.372159407280766,518.7144961488925,0.09354349053454042,358.45488459897047,1184.942802366884,1226.5632093941938,1220.079206159182,1206.0314382485992,3.0832004392866748,2.5818866592601237,0,0,0,0,M039,2.88,battery
53.300000000000004,1,24.910417684487076,6.157704279433412,0.9471581802144233,15,1.0167249388886272,1.0276062631727414,476.8329155675425,0.10775406169098717,358.69959271655097,1203.278304414372,1208.7241102765722,1217.3987869229818,1207.2205244437746,3.3556913627958727,4.157121641570297,0,0,0,0,M039,2.88,battery
53.400000000000006,1,24.72891391213387,10.942571766718167,0.9471196494655476,15,0.8824229550974994,0.45678019146231946,494.66271891169316,0.10939707415048622,358.809799786894,1149.5170577717495,1156.7772765286747,1238.0826358330696,1216.3371984419655,3.419183912793021,1.8972136876458372,0,0,0,0,M039,2.88,battery
53.5,1,24.72281313028172,5.107490978095631,0.9470891015779394,16,0.93428476989835,0.39340631027182943,512.5999846494854,0.09570783605565072,358.10713856574824,1195.843895041887,1180.4373147176918,1251.3206349139455,1166.5810967415448,1.034538269525528,1.7848145960520656,0,0,0,0,M039,2.88,battery
53.6,1,25.147813511594297,5.823134992764577,0.9470631862965001,16,0.9772501292537942,0.5928951502610662,514.9574967365829,0.22611023047277662,358.20406744883655,1215.1760995404816,1241.4252822091894,1202.6646711750113,1195.5899417282753,1.6538201696402117,4.27567066732774,0,0,0,0,M039,2.88,battery
53.7,1,24.813144551374346,8.740118719437266,0.9470310169424411,15,0.9486343230541107,0.5561445040886119,531.6492329146947,0.07603496810690148,358.57449122134204,1169.0748272313942,1182.5730040202388,1202.4927349600143,1162.453566656874,2.5577318473440926,5.381738290422433,0,0,0,0,M039,2.88,battery
53.800000000000004,1,24.77973197500774,7.144388814636475,0.9469969033630606,16,0.9265397667013018,0.7115178633497424,485.9250148753162,0.04986549992563369,358.7763089838244,1225.755187817871,1268.5528216427251,1189.5799790780295,1210.3221642873068,3.3261020575362945,4.326662068461903,0,0,0,0,M039,2.88,battery
53.900000000000006,1,24.76848676587392,5.7701611192309175,0.9469606136327358,15,0.9906074150176633,0.9089982297557494,480.53413468792576,0.2816888682153897,358.98897593907583,1210.2768204763854,1220.1578775015696,1217.3268673601544,1230.9414170453945,1.4770951604010873,4.06813396559979,0,0,0,0,M039,2.88,battery
54.0,1,24.82190085473164,8.960622239244728,0.9469265489433976,17,0.9536885879380328,0.3266470166932977,502.5969626872998,0.08732354273996094,359.1103624786165,1214.427246561402,1255.6932296306557,1237.534974143522,1171.1068831378732,1.1041478515243583,3.5646491050395723,0,0,0,0,M039,2.88,battery
54.1,1,24.733151783214765,8.154218486552613,0.9469001922971604,17,0.8389948676368263,0.8829038038172405,485.5596683662678,0.10373360778239353,359.22549759237523,1186.0708044898088,1245.8959578708452,1161.332351530587,1170.798875333968,1.1409190154026718,3.406855509796345,0,0,0,0,M039,2.88,battery
54.2,1,24.690221315633767,8.230521904131162,0.9468733938508666,15,1.001323405619263,0.3319750760731136,513.7173975622211,0.0934997647935735,359.1741858659942,1239.9020834166422,1224.3494709417794,1208.2967265718582,1169.3846328356274,2.2787756594722395,3.9202841471411407,0,0,0,0,M039,2.88,battery
54.300000000000004,1,24.66579229106291,5.690795410722401,0.9468445696449882,17,1.2752238652033614,0.6076071854251112,487.07739330629454,0.09820650378011343,358.9445252265306,1213.7820667031122,1203.1965784947008,1215.91357752774,1237.6237283727664,4.10433114664388,3.449067297879091,0,0,0,0,M039,2.88,battery
54.400000000000006,1,25.069325889780355,0.4302333274466772,0.9468161463746625,16,1.178341261313399,0.42278938183004516,493.26794353550645,0.11173670436751787,358.91344470647715,1204.1233524236459,1174.4132395690879,1200.2993885291405,1192.336464311539,2.3806696506940455,2.5788736106915784,0,0,0,0,M039,2.88,battery
54.5,1,24.709310548678697,3.5096891881502206,0.9467852175392037,16,1.030357336269874,1.1289082903041654,489.83066212127136,0.020085753525022926,359.10594983675713,1181.6400216303161,1236.7780997595182,1173.2850022127282,1174.7052678466284,3.9468792244307664,0.8725400685281358,0,0,0,0,M039,2.88,battery
54.6,1,24.5785078231379,10.181959208102775,0.946753000030857,16,1.0578075965387637,0.2797546486142285,468.16581229253796,0.10906627973862894,359.585362923426,1240.8733479257478,1214.659419044472,1157.5753147431808,1175.5909260373205,2.7525692350632323,4.463116197601314,0,0,0,0,M039,2.88,battery
54.7,1,24.882201255688436,9.773961398797674,0.9467191665304967,17,1.1678937888824035,0.5760981282224779,510.4804960754073,0.1641743762533462,359.40377007232826,1211.1722619329355,1230.2089147219506,1196.5957548548895,1201.6389023975357,1.966303989507013,3.9265162892688426,0,0,0,0,M039,2.88,battery
54.800000000000004,1,24.609780674854075,5.129069572358777,0.9466864580587494,17,1.0232935496559636,1.283848382083156,479.35469898462406,0.040020099080396034,359.6447637181446,1248.7624144813042,1142.782227864269,1208.9036360005193,1166.2312853352507,1.9317819515568753,6.553550026385431,0,0,0,0,M039,2.88,battery
54.900000000000006,1,24.743642476707826,14.779558363281996,0.9466467776438124,15,0.8816507098904381,1.2716056396748057,498.5845697016716,0.0070765769430043,359.4101387967017,1166.57062382168,1184.1929167935455,1199.9550281535646,1241.099155861604,5.454226389436226,2.8201792658043896,0,0,0,0,M039,2.88,battery
55.0,1,24.685774774969165,16.263866983886416,0.9466064069727235,16,1.057437667506278,0.6732603129668927,495.20283614207216,0.059392508115361946,359.8663341802474,1205.1758487521113,1188.5865232618476,1192.209545098891,1235.38703367739,1.3033133884877564,5.223733360653215,0,0,0,0,M039,2.88,battery
55.1,1,24.926341692767465,6.944683279430654,0.9465790401270774,15,0.842818530869144,1.5216374748512336,494.44081408479684,0.10150967296280014,359.9726123983649,1198.5962047784794,1200.6445215300985,1203.6716793159012,1230.2843450912821,5.4420927872059,2.9253610164313635,0,0,0,0,M039,2.88,battery
55.2,1,24.668121409853608,4.588466138474369,0.9465446061276563,15,0.9393026828777485,1.3990079291950004,504.7410399914144,0.17293232883938295,359.8293851086468,1185.380369199559,1189.7686725691835,1193.9128834622752,1234.0282363070587,4.535975950172015,3.8341938742928248,0,0,0,0,M039,2.88,battery
55.300000000000004,1,24.911183600834356,12.061676314893356,0.9465088841730619,16,1.1534299668725434,0.6641543989742658,526.505444277697,0.08404287263307669,0.16267553973788357,1216.6733272973036,1221.9805892677098,1167.387678512155,1139.9902392806152,3.015969458570749,4.313479403807684,0,0,0,0,M039,2.88,battery
55.400000000000006,1,24.768168685353363,10.887837037847028,0.9464765416136857,16,0.9092641946041699,1.1390446668975005,506.3018481077224,0.03461105041895946,359.99953183687217,1225.1168872856492,1197.1228322785123,1173.381852217272,1156.538063080688,3.4570108468478455,4.351971006716269,0,0,0,0,M039,2.88,battery
55.5,1,24.770310926940315,10.979272344368667,0.9464527873877053,15,0.9420789658454348,0.7874608519382269,502.7675686552425,0.19684243410024227,359.4598384454576,1211.3905655188985,1180.6218078415523,1213.2441954302499,1191.6078311879614,5.90854154694231,4.837623115456186,0,0,0,0,M039,2.88,battery
55.6,1,24.75436709412341,4.407101167268715,0.9464270456315635,15,1.0289776759145246,0.19007281145363483,500.6351248497056,0.09818596069340411,359.5392589960632,1214.3077255531596,1201.8607665604459,1223.2231194599285,1202.3697369233394,2.158542474394419,5.042738454645857,0,0,0,0,M039,2.88,battery
55.7,1,24.89922633337473,12.12556715351507,0.9463963577218607,17,1.083784903355518,1.8614668178826153,478.9042513435561,0.125433601104201,359.7217908805663,1195.3647203425228,1210.3013538173554,1186.0232830368627,1210.5517736277227,6.638022141847917,5.095421940077175,0,0,0,0,M039,2.88,battery
55.800000000000004,1,24.762216428384427,9.541881741375894,0.9463607032755198,17,1.0917348980200408,0.3250034037699251,514.7298428841257,0.0815506927810899,359.2991488403832,1216.3853066876775,1195.6004080457192,1165.320198969127,1215.4421664165363,3.167809542834252,5.914285952900204,0,0,0,0,M039,2.88,battery
55.900000000000006,1,24.873155678945665,11.70912704088688,0.9463305033377997,17,0.9269703979809697,0.5250249743253707,496.64448456706776,0.07497836399195536,359.2429236595423,1230.2684753347712,1190.3789708559693,1175.7751149145333,1163.3529696673281,1.1389936166090924,2.4754583202708482,0,0,0,0,M039,2.88,battery
56.0,1,24.690908516090484,15.017855641917127,0.9462902872717985,17,0.9691364114834489,0.956075872332173,522.4317690030491,0.03120908256415376,358.8018248029154,1224.550904585938,1191.4089589537223,1207.7824475685654,1206.5199045038696,3.6395544900687793,4.301198636817106,0,0,0,0,M039,2.88,battery
56.1,1,24.756384293561247,15.36202754261475,0.9462610949190857,17,1.0980479113308619,0.9299969327347445,513.4337216807867,0.09059737997501582,358.7707665662519,1216.1987126024337,1215.7559012670897,1201.7534141010212,1212.0008521226239,2.0377358916830524,3.9948539595215564,0,0,0,0,M039,2.88,battery
56.2,1,24.58548580532606,8.38310009855209,0.9462220162431945,15,1.1914209167416532,1.4073324844680382,518.2305040758297,0.04592481961485583,359.1082431521292,1196.0567160749326,1223.4017735411637,1185.8105752359872,1167.5773235654908,2.0226418675783893,2.375874166701527,0,0,0,0,M039,2.88,battery
56.300000000000004,1,24.628700309953558,7.6339264339578445,0.9461838809901006,15,0.9593777071380701,0.37127262334949396,473.60064256189094,0.05337120368560252,359.0690401092011,1177.6091209753715,1215.2875471884831,1229.8191631940288,1212.3318946784236,1.139686452219229,2.0858118891808886,0,0,0,0,M039,2.88,battery
56.400000000000006,1,24.990384289693377,9.443756644621267,0.9461569443151622,17,1.2021068586380437,0.9696220409809664,483.4820148456117,0.16297003984891575,359.09339703007083,1180.65000122276,1184.726358209906,1170.7941531238532,1193.6802265030356,1.3280703707465693,5.315367715272912,0,0,0,0,M039,2.88,battery
56.5,1,24.95402365024681,10.918020575677595,0.9461264983927135,16,0.9556914126690386,0.9805061383361124,520.517118908442,0.09396291210056903,359.20629584874393,1225.5894307359747,1195.8259603178146,1258.5057575788428,1188.63038224721,1.7919233665620866,3.267069083382734,0,0,0,0,M039,2.88,battery
56.6,1,24.934611989300336,14.343462878335483,0.9460898339312903,17,0.9639379808230344,0.7613251269150905,481.8847114429542,0.037180711065720164,358.92850916997907,1170.2821962887615,1215.941984016205,1226.3992781351824,1159.2626604096677,2.5511601982649585,3.571359737368387,0,0,0,0,M039,2.88,battery
56.7,1,24.935879409843675,8.177491747972866,0.9460565245524666,16,1.1281054434596496,0.4816881673166232,516.3643162287868,0.1163267182137758,358.85653015205787,1205.4329618340385,1219.1314349969646,1137.7802912249288,1173.5310602589773,2.388639461614093,2.876950579622539,0,0,0,0,M039,2.88,battery
56.800000000000004,1,24.86216620155724,12.311688578739165,0.946028211945161,15,0.9107477167538505,1.3180794224844512,490.4489965204476,0.07341930567033239,358.29836701402036,1168.7682143470652,1200.6912602355535,1210.7414159128386,1197.5007914483092,1.8794142258373552,3.269612683466624,0,0,0,0,M039,2.88,battery
56.900000000000006,1,24.825665505311257,5.046315248965531,0.9459975368755272,15,1.033243287941277,0.47749666251710754,494.6257215410844,0.1741053388328125,358.4641547320085,1238.978735682279,1187.5075202525707,1202.6715515180947,1196.3081946259258,4.6611041942262945,3.581332795206742,0,0,0,0,M039,2.88,battery
57.0,1,24.6958389588761,10.979588505610945,0.9459620098503756,15,0.8340051504531153,0.9241893753547231,484.4776880061119,0.0013816106071382768,358.7232390227762,1202.6697854597069,1245.9772908371385,1155.5210235177879,1216.3090650537267,0.8563454308017056,3.841791697118124,0,0,0,0,M039,2.88,battery
57.1,1,25.052908240366524,5.730601209214302,0.9459396534269496,17,0.8635413921668211,0.6186585988006791,493.3875910589931,0.05972155726016687,358.7493319415787,1139.4443033455577,1184.1093786794006,1243.2187632020866,1203.970668174977,0.5534772287738268,3.6020087471869395,0,0,0,0,M039,2.88,battery
57.2,1,24.86273170123066,7.921972178195866,0.9459053521374671,17,0.9745716617139446,0.08063288693127717,482.78904460546585,0.09357772060366759,358.9847342661487,1193.351084884412,1210.1897910579617,1131.2020097910718,1204.0200156956882,1.8095511092167884,3.2685624765727415,0,0,0,0,M039,2.88,battery
57.300000000000004,1,24.552291790524524,9.50823282904562,0.9458727454271139,15,0.8979065974964738,0.3461606294970633,532.6475630052424,0.23695362423189323,358.992719237741,1192.7447763385176,1192.4485493454085,1232.0234994657383,1194.3693279279653,1.6222684972055992,1.348746480599437,0,0,0,0,M039,2.88,battery
57.400000000000006,1,24.87187174821045,9.467139302046117,0.9458430938027981,16,0.9265501519836083,0.48226080643236013,486.9092554643065,0.1885360519660833,358.76272499122564,1194.198552606679,1216.003133824826,1244.6649152386944,1170.5554590110344,8.401421966950593,4.543633543646921,0,0,0,0,M039,2.88,battery
57.5,1,24.86303181083518,11.38810758428742,0.9458101918669299,15,0.8955646018382053,0.9627571981608275,478.269057779043,0.020204652357802545,358.6718536357959,1185.4138281049754,1224.8544441745435,1215.2300578690563,1207.6497464429524,2.3785910587045476,2.097160945943039,0,0,0,0,M039,2.88,battery
57.6,1,24.78706727526193,13.028941209475084,0.9457756191169886,15,0.9702540691655883,0.6396573995473223,512.6448973786124,0.33882467405552363,358.68458504505884,1166.0704411142024,1221.0537477722407,1209.9639032641842,1214.9387653952972,5.129972350151007,4.564539230868577,0,0,0,0,M039,2.88,battery
57.7,1,24.814843401903317,5.116503816891434,0.9457479865996721,17,1.1746560019950705,0.6357924375355353,520.711242465847,0.0939924250345171,358.5327019831058,1231.194498826887,1197.836396364888,1212.197254351838,1236.0435714794037,1.3467688998358716,3.198180823482714,0,0,0,0,M039,2.88,battery
57.800000000000004,1,24.981428333895447,7.335937375655088,0.9457173842188681,16,0.9832189083938534,0.35802020910300075,501.2890549434872,0.03796182864702691,358.61628474903915,1249.2447807381807,1164.7275546421222,1209.2774703332154,1251.3356777932222,5.047835064786319,4.491647194489908,0,0,0,0,M039,2.88,battery
57.900000000000006,1,24.73484825595936,5.374659070691168,0.9456884094832215,17,0.9690484641893906,0.04830338048416417,510.73183737593064,0.17097611207866525,358.4491575024551,1199.3156774359393,1222.2508345084232,1191.8206523008512,1175.473459017918,1.8946280860198736,4.201578468923086,0,0,0,0,M039,2.88,battery
58.0,1,25.039997033992584,12.692085579184972,0.9456551093819416,15,1.0313041617604346,0.9566993578014924,499.724686949115,0.28492974244933944,358.4720052448031,1210.2085381902223,1190.3021331278426,1193.5771595017907,1185.1629256920392,4.401620263365936,2.6456077461170278,0,0,0,0,M039,2.88,battery
58.1,1,24.851909133482422,15.041364633320189,0.9456258445821061,16,0.8869154687879606,0.5574650239572063,479.09492376193407,0.06308478031869227,358.39128572106114,1202.217520760563,1227.5198205951467,1171.111177191256,1209.763664817198,1.2694444078615024,2.861153869527086,0,0,0,0,M039,2.88,battery
58.2,1,24.607711653041264,9.643358390128055,0.9455929201917296,17,0.8603470393671302,1.2207221954174214,500.46373135598884,0.08833079865550698,358.6131681565537,1214.0132076145435,1201.090296091987,1233.686981103377,1200.7072258875608,2.275712944117137,4.455500740000971,0,0,0,0,M039,2.88,battery
58.300000000000004,1,24.677575788771343,10.300116505308107,0.9455503880411069,15,1.1696123065130777,0.7526821677486969,489.32502558890064,0.2164861319838714,358.281232451577,1157.2676221544386,1182.0062163125397,1209.697791505128,1152.2649501860888,0.6545819645510145,2.042265040164627,0,0,0,0,M039,2.88,battery
58.400000000000006,1,24.88502221877666,7.7333048631905035,0.9455174838245513,15,0.8014172490848239,1.152924533881379,528.0060140824132,0.1535820012723685,358.3642127863136,1206.2409352635725,1187.7305496249762,1201.099767964914,1163.6730224912887,2.998394351906021,1.1427434991503573,0,0,0,0,M039,2.88,battery
58.5,1,24.734966802848017,7.789600887612664,0.9454849176895952,16,0.9641314811502871,0.5263752270870636,486.8496501516272,0.12854949665143553,358.1427883073456,1159.7315901433535,1196.0492920435834,1218.0689718773124,1191.5981331432833,0.6755199275073324,3.458839367675442,0,0,0,0,M039,2.88,battery
58.6,1,24.692467579676585,7.700617387788993,0.9454607218917348,17,0.9592302644774364,0.95587344173377,479.2923696222444,0.07878582381029073,358.4073738869079,1199.7169328284874,1195.6307387577976,1193.1916105382954,1221.7827798676112,6.160096992731041,3.1928407154958425,0,0,0,0,M039,2.88,battery
58.7,1,24.69559548548204,9.44435891788064,0.9454321915708687,17,1.0975018639648089,0.5017014487272065,490.4991296229999,0.10011488734116848,358.5500272792312,1214.9329253554451,1177.5728844136538,1161.7797668676008,1178.3332408705216,3.296658792492602,3.478434933773375,0,0,0,0,M039,2.88,battery
58.800000000000004,1,24.561659311001687,13.122900469465261,0.9454007412900604,15,1.0131120857230413,0.896613858449282,475.164989484984,0.14303991640190655,358.69970731224095,1203.3212655647133,1193.0302306661401,1184.8923543630856,1206.61247526216,0.756328521207268,2.365753345549391,0,0,0,0,M039,2.88,battery
58.900000000000006,1,24.836600705651012,7.854595676430543,0.9453687469354088,15,0.8632669364911355,0.49179597565894145,490.028258601806,0.04242159705152246,358.780115397474,1171.9482382238834,1175.8754113575205,1221.3467711254114,1168.4577516903396,2.931047553814311,5.513921979440292,0,0,0,0,M039,2.88,battery
59.0,1,24.593871583219226,7.503475252243296,0.9453340040572437,17,0.8709098230059256,1.442377650379334,517.1797113096998,0.2156061065164086,358.5657582561484,1228.7529960328266,1193.1158224874157,1224.1083546115217,1190.5680369387046,4.334757834807105,2.5873728092043224,0,0,0,0,M039,2.88,battery
59.1,1,24.734657138067583,16.98721089302078,0.9453022000253657,16,1.0176672983254396,1.725361041876628,484.45990056898,0.0768862491437286,358.74786825807615,1203.4155035276874,1219.3034774808475,1227.6154101262252,1194.770645890146,0.20976617737552306,2.6927978485964195,0,0,0,0,M039,2.88,battery
59.2,1,24.852945238456407,0.9144025744833417,0.945266714160541,17,0.9294618127606782,0.2542543468782217,505.8881615663323,0.037681435177835544,359.0007350386603,1189.139499864118,1205.4939092535028,1228.3815556738875,1250.749755310222,3.148589275385935,3.7554723017328664,0,0,0,0,M039,2.88,battery
59.300000000000004,1,24.940354931057506,12.952701520981687,0.9452443765732489,16,0.8310750980929997,1.131822329572507,493.29472971087887,0.17862674493663383,359.19816080723655,1171.5376827687228,1165.3595756028437,1168.977192803309,1208.8121019809537,5.869236929021721,4.250330637577933,0,0,0,0,M039,2.88,battery
59.400000000000006,1,24.942345954608225,11.292996108980969,0.9452103643353149,16,1.0283071005152726,0.3296393561374832,485.81218990220987,0.13166926788324854,359.37192418953293,1230.9429692402887,1218.9267405661135,1201.6377180717964,1207.2125825368923,2.7636708149867655,3.2258676586513646,0,0,0,0,M039,2.88,battery
59.5,1,24.800576693237677,9.914433415744487,0.9451844273827318,16,1.0724959352864993,0.9965953112917203,497.80777794509567,0.0874342216630828,359.6469799371084,1222.6162080462002,1197.5053374595316,1219.4034958109596,1191.6913670188362,5.569801764924945,3.0902367768099204,0,0,0,0,M039,2.88,battery
59.6,1,24.799189478465134,6.070313099361388,0.9451519077982073,16,1.0179585823442978,0.6482516370182646,528.851071503934,0.046484883436214194,359.7439440772333,1208.308986049896,1161.1110409112036,1214.5175554043985,1193.4082328446916,1.0856837801409305,1.8238541402401702,0,0,0,0,M039,2.88,battery
59.7,1,24.741206685734245,10.385526661140375,0.9451186411307577,15,1.024840936861547,0.40818566861300837,479.7725037069419,0.19810532901300298,359.3810710577902,1188.3543778541246,1212.2146420824988,1234.1453492350208,1180.8179285196597,4.234498798577908,3.7757039390615894,0,0,0,0,M039,2.88,battery
59.800000000000004,1,24.98998351580257,9.496213700917638,0.9450867173990253,16,0.8496896451039635,0.04588627029349201,497.8484565034866,0.09572299389247878,359.2397371569511,1226.805836557399,1201.0598235165294,1198.4589989755207,1172.7483255116608,3.8309830714520934,2.511450805181064,0,0,0,0,M039,2.88,battery
59.900000000000006,1,24.78884302401103,2.419947123397093,0.9450643882518054,17,1.0918959812095028,0.9495840848606514,533.0156214179801,0.07808188895645798,359.51896404900583,1197.036244816623,1194.0147284527263,1204.5385126069136,1213.4401519857372,1.8108209184488524,3.118852547736083,0,0,0,0,M039,2.88,battery
60.0,1,24.715219868747926,8.111417144160008,0.9450331066659449,15,0.9496365353087237,0.9559682129170991,464.5773414211561,0.17203749181447894,359.6871767898196,1216.433690647208,1170.199080120843,1197.3711709517713,1172.7397456930576,2.5039784432575733,2.64214352814795,0,0,0,0,M039,2.88,battery
60.1,1,24.52341348966058,18.086000003013485,0.9449899554273835,17,0.8387967555113651,0.30931028735368066,512.0711870477892,0.3605977800343894,359.54850289050535,1188.410504546552,1213.7236235019311,1187.8469795787942,1198.0451422450071,3.544666678610161,5.275984555059383,0,0,0,0,M039,2.88,battery
60.2,1,25.02814399766575,9.356040766172223,0.9449535062644618,16,1.0705560193578556,0.6596698412559578,503.63558710681053,0.08135866205059422,359.52905476674533,1168.8430280435684,1189.6605877110285,1193.9478053021344,1253.8463754239347,1.7266316981100158,2.7786952616462166,0,0,0,0,M039,2.88,battery
60.300000000000004,1,24.89883299083601,5.589553005305489,0.9449313789493682,15,1.0889780676704945,0.3929414165082965,502.81754405894014,0.14475887113503744,359.3377717854132,1230.6860330023082,1179.3756302396748,1235.4872824844533,1214.7192943608666,1.1907254767170607,3.04179606157404,0,0,0,0,M039,2.88,battery
60.400000000000006,1,24.834683454579874,10.61516267874438,0.9448946476349525,16,0.8825868460920784,0.5457835750733576,533.0275137747725,0.09282092835801688,359.2794699327758,1242.2702566098021,1212.1560707324995,1229.391591942549,1207.7112543201015,2.5702967280875706,6.439698459471223,0,0,0,0,M039,2.88,battery
60.5,1,24.774591195812576,10.694932839362108,0.944863024513071,17,0.8695378044477321,0.5093721357915068,485.49019161010705,0.16148649076342203,359.34152873175486,1163.4655019265965,1204.041771289126,1207.778649356864,1144.032227180491,4.4538250768486565,5.277839963920545,0,0,0,0,M039,2.88,battery
60.6,1,25.066667693778864,7.568284868815795,0.9448335570684445,16,0.847565712859835,0.04500028415199461,497.2161285947044,0.07363421734240083,359.3055511602557,1195.6080823482198,1202.376435934011,1189.9626742969112,1224.1443101871505,2.1448884949475695,4.423326014535808,0,0,0,0,M039,2.88,battery
60.7,1,24.715941156079303,6.570267625895456,0.9448077505701674,16,0.9166727353286158,0.24550080777967642,522.7947302840263,0.21919965745497952,359.63495078279266,1166.9982017865154,1175.3000651093691,1206.50725827172,1192.9026545544853,5.282382274604434,6.4236918636111895,0,0,0,0,M039,2.88,battery
60.800000000000004,1,24.789776881807303,10.48353018399434,0.9447680377981793,15,1.0701948336383533,1.3328646194643758,497.29648620732956,0.06853724894195763,359.05777667442186,1172.0103206446054,1192.25676986293,1210.5565302830637,1233.3660771776938,3.136089945505387,4.739752239409917,0,0,0,0,M039,2.88,battery
60.900000000000006,1,24.7878096221973,10.131023337944347,0.9447333643613849,16,0.8735778275137372,0.7841574629732129,502.61643201272216,0.1931109826016912,359.2736118387324,1174.772369047401,1214.4691485072074,1253.2465656519814,1166.9408792996917,4.317262485968407,3.873593016559167,0,0,0,0,M039,2.88,battery
61.0,1,24.987511554122584,7.74813483513696,0.9447040334908647,16,1.0710599322240981,0.8610102297296389,487.0940577201088,0.15546904110242413,359.1581353095157,1183.958369359923,1223.1146528502484,1190.5984045597556,1230.8904432351612,4.162041342998016,3.9471908111537,0,0,0,0,M039,2.88,battery
61.1,1,24.797576892116858,7.7154036200228076,0.9446785993156829,15,1.0636669834390542,0.06786504645209171,501.1087485797735,0.06127315163510648,358.85249863961377,1201.3803139017273,1186.1532060785578,1224.413987369479,1177.7344944976755,1.7300984903928955,5.180686601154015,0,0,0,0,M039,2.88,battery
61.2,1,25.028012359147024,7.103394213881106,0.9446503302914439,16,0.8295406661948862,0.9101747220013552,519.640634006873,0.1312290124280087,358.4344852412055,1224.7641417249984,1180.3648837702565,1206.0578139872414,1232.1380070363655,3.630438856745894,3.8482875151727853,0,0,0,0,M039,2.88,battery
61.300000000000004,1,24.970655216765085,3.559865592788768,0.944628923499476,16,0.9787444106567676,0.6252545591273384,539.9531448383648,0.05866586483585361,358.4450551011064,1179.247680930746,1209.4852442575989,1215.709348094214,1251.9783075668201,2.856354350273279,3.1238985592645596,0,0,0,0,M039,2.88,battery
61.400000000000006,1,24.719078427891755,9.207331470719545,0.9445976006274631,15,1.0272527331906425,0.9958390749383792,487.65385278281303,0.008169721092534572,358.1980406717017,1238.7650039515875,1231.6711657726175,1205.743858203402,1189.7327055022665,2.2997728735318503,4.4567421418369975,0,0,0,0,M039,2.88,battery
61.5,1,24.560358076676717,8.406809725781985,0.9445696974454869,16,1.0674063019906717,0.763880368862705,490.13889576203894,0.2741945236045512,358.09027633899797,1206.3993630698897,1200.4851658846426,1177.5138286136123,1213.9860624964758,6.29755276502101,3.7854442462029376,0,0,0,0,M039,2.88,battery
61.6,1,24.68640906068053,10.213224517102002,0.9445454759139341,16,1.0209503268826678,0.9855960535287194,466.30797216316273,0.10794924477355916,357.86940212243013,1216.174959179561,1205.6429669384377,1190.2794737867753,1206.1859240845604,3.0315537511345028,2.6948299353379914,0,0,0,0,M039,2.88,battery
61.7,1,24.925139954870254,13.387871568308771,0.9445177012338218,15,0.8334383687031838,0.6813894563429052,512.4112104461981,0.02374306459135743,357.5033910044834,1236.5357839323278,1214.874428113419,1157.6550103119616,1203.0866217209416,1.1252278854117121,2.211041696648981,0,0,0,0,M039,2.88,battery
61.800000000000004,1,24.755472932119872,13.914635185828146,0.9444788422414095,17,0.9546682759492415,0.17781186138714766,486.0148824473172,0.09871259497701863,357.49744321376846,1200.0342812509343,1146.5942894868438,1223.637278580438,1195.0706252454954,3.592854238899096,3.2560644740846385,0,0,0,0,M039,2.88,battery
61.900000000000006,1,24.72986586360204,8.42482774050399,0.944442505249247,16,0.969711234234854,0.47707982048992853,499.3773527049528,0.13006345378412246,358.14429027087664,1214.4864114016868,1208.2490444917025,1193.9284565145813,1171.5377580967563,0.1044816130759722,2.3332237866391243,0,0,0,0,M039,2.88,battery
62.0,1,24.69524594942992,9.37111649316959,0.944412384293704,15,1.0971845605317279,0.6680024948737431,503.68019402874086,0.2512270540217158,357.97994457249774,1178.6120203939852,1222.4421141010396,1193.596593523996,1185.7022800701693,2.9380953238257916,4.073795257933915,0,0,0,0,M039,2.88,battery
62.1,1,24.72781073091522,14.76015223318662,0.9443812006194248,17,1.0792757462976672,0.6366786183994941,522.4798208853333,0.294735189987905,357.8276152203297,1221.000513057112,1189.918227592397,1201.4460379716334,1187.8131490765315,4.847036168113972,3.2424256841796653,0,0,0,0,M039,2.88,battery
62.2,1,24.874321618727407,9.167376715241376,0.9443524017400947,17,0.8488534680735648,1.1210275740758648,529.2558586103271,0.15894886218334742,358.04629269508695,1182.1724091079445,1213.436443411355,1160.3352126629632,1193.1600912326537,5.4064765482686505,2.260718862728866,0,0,0,0,M039,2.88,battery
62.300000000000004,1,24.664936546441197,6.209950833403068,0.9443251798569513,15,0.9027493979730336,1.143498663243228,507.8510232720376,0.22803145849023038,357.7141822278548,1191.3516151348854,1234.6348092462629,1187.9828697271303,1200.6747918162093,3.1666906767860246,2.3923985047402336,0,0,0,0,M039,2.88,battery
62.400000000000006,1,24.97117789350411,-0.5528299888598269,0.9442988982076945,16,0.9502532009917306,0.5497483547175622,535.2107626826742,0.060862252670612106,357.47809529538085,1191.9881062110267,1217.108380725831,1180.4529944406627,1174.5012345819841,6.611712214005827,2.294509683181719,0,0,0,0,M039,2.88,battery
62.5,1,24.782833852079957,6.415010459771746,0.9442734289385355,17,0.9620659922758227,1.0907227156504933,511.46192370186054,0.03735870837716991,357.82977072410563,1220.6165604233277,1258.6914607133906,1190.4768585029647,1203.5582658037706,0.6920848658103705,1.8432138240318994,0,0,0,0,M039,2.88,battery
62.6,1,24.83152063129055,2.1140240070078944,0.9442483699904279,17,0.8335641004163942,0.58358031831506,520.9914253345628,0.01928226078751113,357.90437796473867,1195.6801303450543,1177.375869839174,1209.6071297934157,1220.4426858404677,5.143258692514366,3.039519991830108,0,0,0,0,M039,2.88,battery
62.7,1,24.879301139649943,7.912839651558679,0.9442155773703147,16,0.865833881850839,0.49491902859535536,513.814758902014,0.09188714417825941,358.209204012213,1200.534266475034,1197.9670285169386,1213.1048332458195,1199.518150919325,3.687104932620034,3.5719079565643383,0,0,0,0,M039,2.88,battery
62.800000000000004,1,24.719235184413794,6.494265199036924,0.9441923378270815,16,0.9081273212047282,0.048128531023771765,499.2227979061318,0.021905703526339422,358.75531916008583,1202.6204415736627,1186.898004946304,1210.1671633888707,1220.5204738444322,1.6095511062847607,4.886417928761613,0,0,0,0,M039,2.88,battery
62.900000000000006,1,24.780628435667854,7.306479721280207,0.944160961123625,15,0.9601421670909484,0.6616733297790561,528.4809289891193,0.12143189513195224,358.5980090389357,1214.0672619429529,1207.8180618589647,1182.6001677727202,1211.0322995237332,1.7526289144409883,3.903143326527185,0,0,0,0,M039,2.88,battery
63.0,1,24.592422726850682,17.990555025708584,0.9441249172683586,15,0.9427107901606859,0.2543175826415145,494.5318176306916,0.11942538026511032,358.22735391785415,1173.038755913909,1185.0118381647771,1178.1706065400679,1187.347828577864,1.537077793577639,3.075938557290041,0,0,0,0,M039,2.88,battery
63.1,1,24.786551808384644,9.694067159521081,0.9440963152126156,17,0.9546709163074075,1.0182173111069672,507.0282581005593,0.07440041594854109,358.12088612323464,1218.9670122450968,1183.86413361652,1228.653734880316,1188.4085014977748,0.8531811641412664,4.266437894767887,0,0,0,0,M039,2.88,battery
63.2,1,24.90753547820745,10.970032741750309,0.9440655583339592,17,0.9694038560684839,0.6447472716800049,524.7759481040096,0.13737532757929427,358.34300388492574,1260.0765282456327,1181.6672161682247,1223.674456827837,1226.7988120419009,1.7396945303403635,3.1186550369890473,0,0,0,0,M039,2.88,battery
63.300000000000004,1,25.03157750219316,12.485350196398056,0.9440334424155101,17,1.1645004310069784,0.7863712541869515,485.03737606977705,0.025543992949850592,358.7946845568973,1217.4053923436688,1172.586382090838,1207.995009089681,1201.4030950606314,2.116808451139858,4.1417691753003805,0,0,0,0,M039,2.88,battery
63.400000000000006,1,24.67897198683783,13.268763515422965,0.9439988070956925,16,1.0966124673878563,0.2941737204551278,502.96707326391305,0.3036004583030288,358.43581704455414,1218.2531953889925,1210.5223780253968,1204.843234157901,1208.7673154947736,4.377771689604859,3.468521390052172,0,0,0,0,M039,2.88,battery
63.5,1,24.894745940934264,7.53380287739914,0.9439675584577368,15,0.9332349916999029,0.3030392721920586,500.9124674515447,0.20331944643762534,358.0555923698391,1222.023940776392,1197.6541558886536,1202.437017405974,1201.422381239134,4.182446490321718,1.8095758446787769,0,0,0,0,M039,2.88,battery
63.6,1,24.810529684817755,1.9517188985629765,0.9439296512342524,17,0.9012410720078422,0.8034496978744605,502.4444912436311,0.18200419712593596,358.1011457571331,1195.2327808918258,1222.9269938641692,1210.75447366595,1185.9624056311277,6.330300550586697,3.80548176800542,0,0,0,0,M039,2.88,battery
63.7,1,25.075697012456153,13.211586990187731,0.9439029285210918,16,0.9628500851279106,0.15700880828197608,522.7976919240621,0.045887130046327204,358.11575783936144,1226.964967857097,1188.3910661026755,1189.7907615571462,1212.3322093385027,6.88097887566092,2.1532505053863975,0,0,0,0,M039,2.88,battery
63.800000000000004,1,24.91291423436998,10.806412803183113,0.9438649646031156,17,0.9708396193453397,0.41294010295283146,494.4389545768905,0.3798218701147251,358.5722110976227,1176.6083031536887,1181.478390887061,1209.4120138732153,1151.1791045778903,2.444245742430703,2.27480003399497,0,0,0,0,M039,2.88,battery
63.900000000000006,1,24.563666677048154,16.641566756914322,0.9438304831523161,17,1.274648993916806,0.5135994307760723,493.5107956408982,0.22156673335676194,358.2512130814482,1210.3258430098354,1181.2631099692326,1189.7139342991104,1201.2222435460442,1.4242459881289251,2.4344176909827384,0,0,0,0,M039,2.88,battery
64.0,1,24.626758680655968,7.529107489474201,0.9437941855385157,17,1.2011791267691345,1.0296115229910145,499.17453125130254,0.04778308185203971,357.95987103385767,1183.0271564602758,1180.0827929491459,1166.1555128409334,1215.8555900849628,7.777390182505828,2.7064223748603533,0,0,0,0,M039,2.88,battery
64.10000000000001,1,24.85774454589152,6.907779683297168,0.9437604671838076,16,1.136495929957789,0.34990742819053733,489.9972093264388,0.1916839621934313,358.46001578011703,1197.2247638898061,1170.031204458057,1231.1031821531715,1217.8808277353894,4.548373389205912,4.358416444164657,0,0,0,0,M039,2.88,battery
64.2,1,24.77460033317796,9.195500990614361,0.9437253961452451,17,0.8900298301415889,0.6407311863247738,495.07743297702433,0.06940755384043439,358.2074932709343,1210.1170214512024,1226.20063346643,1176.9395402444616,1219.8346450973345,1.6953159238868176,2.4008818770260945,0,0,0,0,M039,2.88,battery
64.3,1,24.745577189948378,16.893941620448643,0.943696487429232,15,0.9699845666966729,0.7530396262434906,506.63202810632384,0.15807171939405895,358.21478813040414,1165.0114012075696,1186.1625025190226,1219.0839453644523,1174.8375600653173,0.866864054075694,3.403524858378496,0,0,0,0,M039,2.88,battery
64.4,1,24.751616431456668,9.190506412154562,0.9436676386690318,15,0.9743462343173996,0.6814783716664249,528.6629053645856,0.0276663202952853,357.89558020479785,1183.8561712611133,1207.7962280804045,1245.2111182943424,1214.4518213366393,3.6728711960394,3.960278794182357,0,0,0,0,M039,2.88,battery
64.5,1,24.687024470697207,9.116561805292713,0.9436366005125492,16,0.9589553334357086,1.1703524305272928,509.49193864166585,0.11528262305820286,357.88492561162474,1206.5022654014308,1245.181455041207,1199.0321072934591,1138.053897467787,0.4124272400578807,2.5452280557428315,0,0,0,0,M039,2.88,battery
64.60000000000001,1,24.586407645952203,5.809790468003682,0.9436102417595084,16,0.9869201058744528,0.6118646272484298,487.12741398204037,0.048627502349334294,357.66177675019907,1231.3641109236098,1229.8817990502516,1197.2498288385543,1174.1429596838395,0.24505471849581395,6.141036205832304,0,0,0,0,M039,2.88,battery
64.7,1,24.994828851723767,7.078316631341503,0.9435837918235485,16,0.9864620510492647,1.4641982487317122,492.99278619543543,0.2623200193183212,357.2861701584007,1190.6707064980892,1185.3593918439904,1207.5731333966926,1203.245241254861,1.5576527744259612,4.227471505366647,0,0,0,0,M039,2.88,battery
64.8,1,24.886290376366844,11.624656889784967,0.9435545752820671,17,1.1858547556281673,0.6764873052966427,474.3867788405677,0.06463703932866477,357.4395403991088,1233.2184077582635,1212.2977294747434,1198.9595313861712,1175.000566953953,6.539505358223679,2.1316951403865594,0,0,0,0,M039,2.88,battery
64.9,1,24.770074047070533,8.095640656178642,0.9435225292255623,16,1.0467386435427875,1.0076899845638532,486.45099668877356,0.15886830954212317,357.0688790053026,1196.0277741279117,1169.5162524693656,1188.5716404174225,1198.9513813427686,2.761779132838419,3.505049646628126,0,0,0,0,M039,2.88,battery
65.0,1,24.608127185026195,14.977046055347243,0.9434897743095879,16,1.209139465833327,0.5498471001356486,493.8156880794431,0.17623417681689982,357.05963833825257,1198.308139226048,1196.7784411991754,1171.3094449338287,1213.983389105964,2.509350755320298,3.2615219119758407,0,0,0,0,M039,2.88,battery
65.10000000000001,1,24.797015290107897,8.815126507488912,0.943457716480865,16,1.0642334223621788,0.25967584131553695,514.6192116386845,0.208299595131693,356.9741836292769,1176.8708241978072,1156.1675040156142,1204.1408925600344,1198.118768100234,1.4014954624662461,1.890508445981549,0,0,0,0,M039,2.88,battery
65.2,1,24.46975483930348,6.876581883640722,0.9434245469647248,16,0.8610890521924962,0.1944994204317836,486.8630918595132,0.08505640754046517,357.15406226925995,1222.6668548958467,1169.8281063436143,1203.155029863337,1177.9660075888266,0.7427453676995239,2.4515083767479267,0,0,0,0,M039,2.88,battery
65.3,1,24.75541666211854,9.477976297940101,0.9433953407491849,16,1.232139751933605,0.30722704979891674,497.8807898235294,0.12802908929073997,358.0488144963629,1233.4971463601037,1193.134633666864,1206.7112510431043,1180.1762595201956,5.572744192408753,6.067695123171971,0,0,0,0,M039,2.88,battery
65.4,1,24.71135358442819,12.02560948315784,0.9433669183680459,15,0.9066151058317627,0.8959855409004454,495.4640284900596,0.14107162700973705,358.0887516972244,1196.2981080947309,1197.1620127462763,1192.9010832569543,1197.9123851619945,2.052987093202026,2.2616129773487152,0,0,0,0,M039,2.88,battery
65.5,1,24.769641340605546,8.117320324475157,0.943336707380066,17,0.8526711575687246,0.678755725130768,514.3754652373779,0.1056666148501689,358.238590010438,1189.2278578062824,1221.197599425065,1187.7528156777864,1203.8656043297083,1.1113851653468096,3.266996574190446,0,0,0,0,M039,2.88,battery
65.60000000000001,1,24.709776585500883,13.704502899606863,0.9432993663185937,15,1.017272093853793,0.9884036820399421,501.17403399506276,0.17763337333820817,358.3437244908916,1242.0456301223455,1241.1695663503665,1228.3048461051949,1189.079199033797,0.8880520591561194,2.8324634532384163,0,0,0,0,M039,2.88,battery
65.7,1,25.014436135483518,7.925916566854882,0.9432681046238901,15,0.8928270592457861,1.759828116398773,513.2803072330943,0.07933599053646374,358.1254018890345,1187.8583259630395,1201.1961090479424,1179.7171679191379,1203.5048714092761,0.5814607258464972,3.628616982564221,0,0,0,0,M039,2.88,battery
65.8,1,24.69562814698585,7.3802856925062095,0.9432299849403896,16,1.0747372482081246,0.3281658297417625,495.31577065398596,0.07029458546008666,357.7899788015807,1200.3226876170224,1199.3164589166406,1187.4617937458431,1194.6128667437492,4.1707016120180285,3.6161369822826406,0,0,0,0,M039,2.88,battery
65.9,1,24.898556390455944,9.246331201290335,0.9432013244933888,16,1.0197518604322304,0.626652451860189,516.6348062189712,0.22262398110859227,357.6722157174248,1194.918434732562,1163.0068362434743,1218.2382794623554,1193.1262682965319,4.753872313540501,1.6595470195547288,0,0,0,0,M039,2.88,battery
66.0,1,24.890638107041635,2.7909275697805294,0.9431795264902907,17,1.027099261775287,0.2594654265716772,495.9157664018169,0.09437839229403783,358.1599570356013,1224.706342235424,1206.9573860873318,1206.1509584294897,1182.6039960383036,3.2255414835107517,2.54125478466735,0,0,0,0,M039,2.88,battery
66.10000000000001,1,24.84300201743126,6.695871623117654,0.9431407908398536,17,0.9029121846937306,0.5106655590633157,513.9214656130904,0.1966317008679165,357.82775786724085,1179.1334005927476,1218.0351219542295,1244.2459220896812,1231.3569682274447,2.0137340085335405,3.104734513225845,0,0,0,0,M039,2.88,battery
66.2,1,24.7043458100373,8.770752743724545,0.9431101314203176,16,1.013780789920746,0.7726894337701495,512.0620300988697,0.06613010291733333,357.54937861248084,1200.8851837375312,1152.205070397574,1189.229943403796,1183.4862856259504,3.7107154779276317,2.1458394938216,0,0,0,0,M039,2.88,battery
66.3,1,24.701482044813122,12.077376370161993,0.9430751755923239,15,0.8429891251165786,0.15597344049981837,514.8152716030459,0.17369269923435407,357.5480780126141,1240.6455928193034,1190.8236940513643,1172.646517273178,1161.4071871447825,0.7655596789325994,4.714742774480161,0,0,0,0,M039,2.88,battery
66.4,1,24.813697843743114,7.341177058498435,0.9430492105813313,15,1.0600501046916913,0.739121367573076,506.10914988993846,0.14957743749549618,356.796816803467,1230.290432916852,1245.1027701389464,1178.1942625228191,1228.5492787567237,2.163682246698356,2.490072945809036,0,0,0,0,M039,2.88,battery
66.5,1,24.893790397524644,9.861040282301568,0.9430176274146524,16,0.8206360871323582,1.0205578151861803,514.0662762221358,0.07872562913508505,356.96689702537816,1191.7761770221425,1210.431529415816,1199.7169708669815,1179.244178173737,3.9792534837276246,3.7245806835190916,0,0,0,0,M039,2.88,battery
66.60000000000001,1,24.7698111554863,13.51726608770553,0.9429786623521004,17,1.1976653310236411,0.9384617433293965,470.05839946516113,0.0984783021050751,356.84595121381903,1179.6881534307254,1240.3094817153055,1197.9765066634488,1217.888465320229,3.425425923732511,3.4163337079832243,0,0,0,0,M039,2.88,battery
66.7,1,24.723199122298265,6.293505225638824,0.9429471361402143,16,1.0716256514977678,0.5883658768253147,546.6080082883168,0.2814839163269506,357.1099437418508,1240.8667181610801,1213.6749985047031,1257.4197219621055,1173.4834698674103,0.25579478379388926,4.69811658887194,0,0,0,0,M039,2.88,battery
66.8,1,24.752181452519004,10.887194586146835,0.942919870532916,16,0.9349575668222073,0.7262228335617816,478.3180067486403,0.2092354910395408,357.28347686135027,1181.146727415697,1189.1403030788383,1205.0060165677803,1189.2980495880868,1.7988212703525932,3.3321723881041128,0,0,0,0,M039,2.88,battery
66.9,1,24.698630952732383,11.482390261418132,0.9428841140600052,15,0.9784315045761429,0.5556209581412289,521.9181314995127,0.15401194844417984,356.95985828666636,1187.2642852740769,1150.9174036451336,1189.3056106781835,1176.7202319630342,5.99434096282056,2.765101084887763,0,0,0,0,M039,2.88,battery
67.0,1,24.826344450108078,5.152169139147563,0.9428561584648047,17,1.0037912687584367,1.692768235071599,520.4465286518706,0.20282703450688,356.7261897934277,1197.5791311939604,1194.4605069153042,1229.4206260785136,1188.6659302698856,0.8866863592268719,6.268640750570817,0,0,0,0,M039,2.88,battery
67.10000000000001,1,24.771782439674357,8.309930474813576,0.9428231276378121,17,0.971461242267764,0.12530024233313247,503.9976605106119,0.12140140185476737,356.57277992672914,1258.9520076982928,1192.8452308200801,1163.490166073361,1166.640180643931,2.0390030301740056,1.3569208901626344,0,0,0,0,M039,2.88,battery
67.2,1,24.82678755590709,9.708740948143232,0.9427977011102022,17,0.8589748536166231,0.4651874859981564,553.2334588093763,0.11347943632049336,356.30236671382363,1195.0948423556092,1218.9269793259382,1234.71223350514,1258.723349506096,2.2619284751780957,3.5259691623415867,0,0,0,0,M039,2.88,battery
67.3,1,24.80890209710215,12.428982093744771,0.9427763174993958,15,0.9581164092559831,0.8124894765869775,489.81432121579184,0.13419751109953038,356.49630091404464,1206.6568407236343,1195.2066243396584,1217.5734665981904,1222.7801446481299,1.9429568321858626,4.30201164241459,0,0,0,0,M039,2.88,battery
67.4,1,24.737572487895353,3.8123577980778522,0.9427482661961996,15,0.8997281151723967,0.5398499141573028,482.43883742622637,0.08435584236401536,357.1108076728801,1201.4121095054268,1172.7644127424187,1151.1471348707275,1221.0264054011843,4.858990185267184,2.45098860699109,0,0,0,0,M039,2.88,battery
67.5,1,24.743179124068586,7.137715418226542,0.9427209063706184,15,0.8741285577427388,0.5466601158196015,496.1259137914659,0.23388794449067507,357.1228943960201,1203.4921400719008,1196.7027693243226,1202.6488818870139,1233.0558376878257,4.052019503645743,2.753190194816953,0,0,0,0,M039,2.88,battery
67.60000000000001,1,24.62886580934496,8.843015193174228,0.9426918607576625,17,1.075426004567411,0.8736743571792918,474.978070092129,0.16377394022669367,357.1680611043253,1181.7356182206045,1195.5238211740293,1232.1427880801957,1241.7157653299637,0.44594349736494454,5.82765831303628,0,0,0,0,M039,2.88,battery
67.7,1,24.705693336785437,9.50371014647396,0.9426572922402146,17,1.024822751168075,1.3395510760860714,510.3047703604197,0.09030475644043894,356.99743438560614,1242.7702391648418,1208.1852886126821,1222.5196268394134,1212.443270042334,3.2845482519725615,2.6452215682654634,0,0,0,0,M039,2.88,battery
67.8,1,24.97550018792683,7.182793106155526,0.9426280102137221,16,1.0284438935276967,0.6661833450170284,484.5384228821897,0.05853519331636338,357.26045134264376,1192.6683722394746,1186.0545030158753,1200.3083690310518,1194.246759624702,2.439358663194588,3.056171893276228,0,0,0,0,M039,2.88,battery
67.9,1,25.080435183962848,9.739062808876406,0.9426042956153806,15,0.92866952220617,0.4187746645186727,496.52316249812833,0.08956986378745319,357.46754772342223,1244.426767717658,1191.1685490653008,1186.4755825891252,1210.200279708002,4.9424924575202205,2.69522925535624,0,0,0,0,M039,2.88,battery
68.0,1,24.82542313778346,9.844670702095128,0.9425764199116592,16,0.866291313352462,0.7176490445749087,477.13070748564155,0.14694442444567765,357.7191799959367,1195.958305196466,1224.1784336924677,1179.7430043992206,1166.2687135849833,4.216403968470635,4.965038045287428,0,0,0,0,M039,2.88,battery
68.10000000000001,1,24.890625865323944,12.510810164406386,0.9425495714764452,17,0.9732825012891435,0.9379184650099872,497.0144040515543,0.022144682089043036,357.8644440878405,1202.1448678424879,1186.934752167746,1188.6017904483203,1183.4855490456619,2.33767196954148,5.637787817582385,0,0,0,0,M039,2.88,battery
68.2,1,24.627411031661932,10.509281001206233,0.942517143431498,17,0.9956604350860481,0.2516916049772671,501.503202880757,0.13379377432710826,358.0260893682495,1167.5453727470226,1200.6007370307261,1212.9626780994765,1203.006654674748,4.403024962408418,2.6083174582055695,0,0,0,0,M039,2.88,battery
68.3,1,24.884455194416862,7.107056750884283,0.9424899670836644,15,1.0834706884116516,0.856866058298388,496.5579843597197,0.02413889770598777,357.9668251181502,1193.1073857000065,1208.9367481450292,1191.4840371096366,1199.4536769198014,5.543611937258575,2.7181496690307756,0,0,0,0,M039,2.88,battery
68.4,1,24.90299149400011,13.554188650299064,0.9424562946098832,17,1.0785587818095412,0.9551595809333582,510.6830452818156,0.05459350264212777,357.87789441429766,1203.3840255319217,1210.1764000405517,1191.9691021797805,1193.1202932522929,3.096152513352786,1.8124977059385312,0,0,0,0,M039,2.88,battery
68.5,1,24.805752237220478,9.080861836200402,0.9424187926019069,15,1.086091056903692,0.7734266249503267,497.77189419795485,0.3210614791310204,357.7866180627055,1212.5252589054824,1184.3786764480203,1276.8667498481632,1193.8560757507735,4.866579689218575,6.044359012335281,0,0,0,0,M039,2.88,battery
68.60000000000001,1,24.816608615969123,8.056064029950951,0.9423879738883534,17,1.043706444552298,1.1162694493602954,517.3185267046975,0.05700397628839415,357.8009371451941,1206.2782046510447,1232.8061947119525,1179.8811176110348,1160.1741256392966,2.4466108056558378,3.131862870809667,0,0,0,0,M039,2.88,battery
68.7,1,24.758487708540756,4.146835784014215,0.9423576394921985,17,0.8706146447240035,0.6048619576833175,465.8548430664966,0.1658757931331134,357.6488732692425,1202.8731667461748,1166.4695824369653,1189.2025337587363,1246.2178014134743,2.671161574437884,3.5113251569871107,0,0,0,0,M039,2.88,battery
68.8,1,24.88617184327584,12.1268985909657,0.9423340119984553,16,1.0281131331376563,1.2039295178109357,529.129315750247,0.10506407492283193,357.25205817207245,1218.4926352836956,1240.7827286075576,1191.3623442628775,1183.4794654037078,3.3475788700294054,3.443873145375639,0,0,0,0,M039,2.88,battery
68.9,1,24.897444242423237,12.808174364611236,0.9423012240267586,15,1.0200571257083542,1.0747198253494137,523.0961443087191,0.21284579460200992,357.5960620498251,1203.7084059192837,1161.963178217726,1197.8077499088588,1222.581176755058,1.8834451811928759,2.6791405298057116,0,0,0,0,M039,2.88,battery
69.0,1,24.627451896455433,9.788861823611043,0.9422650659369505,17,0.9471672043831608,0.5223654535061701,471.3457513081042,0.07875343207859939,357.691484556846,1225.2666073796252,1167.876488371172,1192.4672071285845,1215.5912761975546,3.4252819951156814,2.7296864072794067,0,0,0,0,M039,2.88,battery
69.10000000000001,1,24.77168867905213,5.228553742198809,0.9422335702256383,16,0.900402620641924,0.4653058228447361,502.3756774361538,0.11400032418033132,358.032430696965,1212.3493612879113,1167.5546263947542,1181.6432625786556,1272.0794112559493,3.749781561825426,4.824375418648281,0,0,0,0,M039,2.88,battery
69.2,1,24.769908550856638,5.843578041878694,0.942200419551938,15,0.8994288159600935,0.959649393620797,482.2779348033471,0.016257600499630112,358.2118612344089,1208.7101070078168,1192.3465784169618,1177.5965447296232,1215.5013685664558,7.688069570306203,3.3770774300340554,0,0,0,0,M039,2.88,battery
69.3,1,24.67600563712928,9.503871302868967,0.9421671022194283,15,0.9942756641229167,0.6399332689599543,486.10110213322463,0.09733609922219728,357.5389242863297,1205.9651039407302,1156.4903672880803,1203.4973627852185,1181.4863166479706,5.348338410213089,4.643145450753868,0,0,0,0,M039,2.88,battery
69.4,1,24.954647419352067,14.05981576907869,0.9421407886998702,16,1.1278930328820975,0.855621218238992,494.38189477891507,0.13268892529093612,357.37088082078526,1199.7649466394926,1223.7201906001508,1234.7844531781652,1208.8654721867044,3.9444908409774264,2.7207541476164723,0,0,0,0,M039,2.88,battery
69.5,1,24.68313124166171,12.829128626969037,0.9421093619532529,15,1.1590877842308167,0.4754830586816795,490.925105961942,0.1756176179846413,356.4628836633675,1227.0452407810296,1197.2116056523334,1278.812541609802,1172.9851510278677,3.38298986035399,3.6505806397266802,0,0,0,0,M039,2.88,battery
69.60000000000001,1,24.780203537147827,8.76620067299325,0.942078890452255,15,1.0284900144332267,0.8013508048534487,530.8819657464256,0.21830850721820136,356.60044371191645,1131.7400175427817,1187.6274333562317,1227.3015754043095,1211.6863873642196,1.3086960641615382,3.0043511406572287,0,0,0,0,M039,2.88,battery
69.7,1,24.771797423055478,5.9856375313029675,0.9420485666743652,15,1.0199415046928229,0.5777117114102445,514.7807562934244,0.1335764265267061,356.56105816154695,1233.2022998368589,1206.5135193278848,1183.1739038184312,1216.404988767736,1.879714792331738,2.894858919096155,0,0,0,0,M039,2.88,battery
69.8,1,24.810663077961635,13.728768309086423,0.9420122109556445,17,1.0226175865549114,1.3959149172544791,500.79211078057824,0.18644820062728867,356.62700604182794,1190.888210305309,1214.2686415921091,1213.2590468865963,1191.323779306805,1.9585914653437828,3.2387721217053396,0,0,0,0,M039,2.88,battery
69.9,1,25.05605606619213,0.31570154784921023,0.9419861357022383,17,1.004312857656555,0.43921360280252325,470.3134065239976,0.09555870412690773,356.6495903121858,1200.3119980155832,1173.774512409072,1179.5625543642368,1206.012554184825,2.5099602078781977,4.898624582224931,0,0,0,0,M039,2.88,battery
70.0,1,24.798536320968108,11.917961097478305,0.9419619348135007,15,0.998706569181254,0.782864020321403,507.1244633007893,0.033787489897316114,356.7080335755419,1236.0296758384952,1185.0528801526787,1230.4688594566276,1193.8912319427043,6.080626341058567,1.9437661914126814,0,0,0,0,M039,2.88,battery
70.10000000000001,1,24.626682306988407,9.396818711111656,0.9419354712792153,15,0.860542300401219,0.46826103249073114,467.007080718308,0.10464713043350549,356.93238950939906,1184.400986376863,1238.2484681465223,1160.2334781938323,1164.5990042533588,2.782436743664955,3.337630929103506,0,0,0,0,M039,2.88,battery
70.2,1,24.73517334741703,7.645609481759939,0.9419009964281889,16,0.8407730645775916,0.2967573891765676,496.88573142953135,0.30505605171610667,356.907796212112,1181.75581154177,1186.2781570580842,1227.2323157170888,1225.5368064889985,1.9731444706059027,2.4105008633397897,0,0,0,0,M039,2.88,battery
70.3,1,25.05547606806392,10.423400453934354,0.9418720530222758,15,0.8924686499815666,0.9279590094098942,507.8819893967612,0.10577268552268129,356.75678593395673,1203.5480877415412,1215.7935062875474,1216.1175551669592,1192.7521671522552,5.061363131412341,3.2233286477127034,0,0,0,0,M039,2.88,battery
70.4,1,24.824423113357316,9.604430384194085,0.9418432989547333,15,0.8983273841393996,0.5685535494198164,510.6893606255583,0.06384434448056377,356.89064087369877,1180.5840153896827,1235.9829268750764,1227.2087417654955,1198.9546446491918,4.449630316386717,2.600046396219772,0,0,0,0,M039,2.88,battery
70.5,1,24.731070552736,7.647889994138302,0.9418084589122984,16,0.9306290621933937,1.0203675065301057,513.5146538668046,0.11575786088542733,356.79281412777766,1204.8101837319462,1219.833299442436,1199.8794865912103,1211.4698364205892,2.863839311874563,3.3341337414091354,0,0,0,0,M039,2.88,battery
70.60000000000001,1,24.83091113050407,6.6456469223448265,0.9417742954541637,16,0.9157546715072653,0.7429933242437516,483.99208548524666,0.043633978259314726,356.44429521590735,1180.8751883570478,1201.9804746135246,1191.1373878698357,1145.4145034776939,3.7945907256419846,5.476743660224255,0,0,0,0,M039,2.88,battery
70.7,1,24.604701659423505,2.816786165700453,0.9417402126018163,17,0.9749984787760244,1.3435101926777326,513.4423766788839,0.02445884895474139,356.2420362762036,1227.6549178474602,1210.2292322400542,1209.2945011990407,1198.0208117855614,2.329910570824664,3.9413991402238207,0,0,0,0,M039,2.88,battery
70.8,1,24.86224817404419,5.818715786720143,0.9417124415058928,17,1.1336657182798753,0.6676939082770975,504.5605787565432,0.15251213789272228,356.702815088589,1199.5827406781273,1174.6936939837792,1203.7066622110249,1214.486163701384,2.740321669917222,3.4014916404364834,0,0,0,0,M039,2.88,battery
70.9,1,24.992691800543053,13.631434031674694,0.9416758408204641,16,0.8789612514454649,0.818055706867117,503.5457990274936,0.1925659914256576,357.221536642211,1212.2111833630283,1155.2920084175444,1193.749840917873,1169.7025595080029,2.2999841596380106,4.167470405971542,0,0,0,0,M039,2.88,battery
71.0,1,24.751035709993637,9.851220196286066,0.9416493964631298,16,0.8983150093027708,0.6771888805177508,498.17309792209016,0.1914759097685818,357.8037359574568,1203.7422431594186,1195.0085502653474,1181.6166198871551,1172.2253383403006,4.523148048821971,1.9709900013590862,0,0,0,0,M039,2.88,battery
71.10000000000001,1,24.879644355614996,17.76037273333473,0.94161460489417,17,0.8826221590825429,0.9191352941778179,501.2593759205809,0.18633057722155966,357.6686998720325,1154.1564331192794,1224.4393084529686,1194.1431886580588,1216.6961276297739,6.189538257282834,3.078198163346967,0,0,0,0,M039,2.88,battery
71.2,1,24.747394100622113,9.090025438524153,0.9415824137199228,17,0.8911411395839516,0.4467140881717131,526.1200303202793,0.10951923483357338,357.83788500700933,1202.080569757652,1183.0116399797553,1187.6019042540713,1203.7923952818817,4.341060580824516,2.327223034931623,0,0,0,0,M039,2.88,battery
71.3,1,24.69558561179557,1.5663137320319844,0.9415575520365723,15,0.906308897621267,0.9870373381659739,502.97580489539735,0.167385606270267,358.05517203218534,1210.3793844966187,1198.4386457098797,1172.079590363444,1199.6560722564202,6.254167285878086,2.1418416572628463,0,0,0,0,M039,2.88,battery
71.4,1,25.045180829320056,7.160655071538978,0.9415280700510685,16,1.1530218553946028,0.10922938353086772,475.4813916620663,0.1910445766436657,358.2266929624875,1182.9594723456853,1190.5712206330975,1201.0189434219947,1174.8762056149285,3.1008127753434036,3.8125200848228293,0,0,0,0,M039,2.88,battery
71.5,1,24.7627956205601,8.260193066445272,0.9414957189178454,17,0.8596062999722317,1.7011873703627824,482.28222463756043,0.05447075041446536,358.49684870981275,1157.865051449503,1215.2070301590757,1195.7864292858733,1211.1477366412303,2.0874134387016445,3.6213695975016433,0,0,0,0,M039,2.88,battery
71.60000000000001,1,24.85985332023231,5.04909138389821,0.9414711543784916,16,1.228869629513337,1.8933522842094201,470.6875909967913,0.07374571335103822,358.2527385273737,1169.0202618396127,1207.7117153493552,1220.3259739907749,1196.9377875761643,3.5003976870931446,4.06160511761152,0,0,0,0,M039,2.88,battery
71.7,1,24.77093159512113,7.327915369433319,0.9414372120108556,15,1.096715374871901,1.0485016967827807,483.21397548834216,0.13461209817747016,357.9969447978609,1232.6737926267201,1241.4696406468108,1218.5128256843454,1174.6914615974056,1.7111886688601758,2.463323582054063,0,0,0,0,M039,2.88,battery
71.8,1,24.678486988109213,14.197495668273314,0.9414054882124699,17,0.9006518454551811,0.256238614087983,524.1506067948609,0.043042896342062015,358.7326069520718,1232.0618309541453,1196.9816840588574,1210.2029759540817,1186.0521473908211,2.081101220589185,2.6316020654059704,0,0,0,0,M039,2.88,battery
71.9,1,24.752796073336466,5.6675394025037065,0.941375558686628,15,1.1411064042505212,1.0538114641240457,485.61840020861644,0.13831085894928538,359.2649018382778,1186.1140766979656,1212.612030477227,1209.2691272484703,1207.0941357494746,5.7183970164574625,4.85156518302283,0,0,0,0,M039,2.88,battery
72.0,1,24.78404463491781,10.69042657002443,0.941345794064515,15,1.0502854793207974,0.4174183826400539,504.73696150097607,0.2719576851032235,359.73647530078983,1193.6942899476005,1219.054474946237,1181.7212683789294,1241.133779680192,2.4841647720305775,4.451327281799141,0,0,0,0,M039,2.88,battery
72.10000000000001,1,25.065084669923575,10.204881243355535,0.9413125146553872,17,0.8861189778482474,1.2457990692360408,493.9877433592639,0.14756091490645637,359.94953558597996,1225.1413827759045,1234.6398059445837,1194.6374093799889,1190.0992582752635,2.6717301721476963,1.424902448035255,0,0,0,0,M039,2.88,battery
72.2,1,24.678334318699868,13.150617416419145,0.9412830291899249,16,1.0108976559325202,0.8538160682536227,506.4608696855644,0.15852915075250326,359.60444463186946,1181.86708820146,1204.060197017279,1205.18366724378,1174.0495563013412,4.107901363092069,3.4684690585845805,0,0,0,0,M039,2.88,battery
72.3,1,24.796550813521314,11.834581140168446,0.9412528901666058,16,1.0159447003644861,0.5507377746105954,476.99025323660965,0.05988921281064031,359.82308160831127,1196.9877647979977,1202.4681436520418,1204.1835193842123,1153.5379297600412,6.148318955200713,3.266851600606977,0,0,0,0,M039,2.88,battery
72.4,1,24.875804604324703,6.769488299813048,0.9412211092371864,16,1.0909255272792695,0.3513170650872137,500.91090297771996,0.19459262818834755,359.7889355218773,1222.0009700025996,1222.5725419890503,1218.588301803129,1217.2605665762974,3.7275082916903424,4.612564987104732,0,0,0,0,M039,2.88,battery
72.5,1,24.523619495432165,8.85203706134019,0.9411883951282705,17,0.8494407077887031,0.8809408467263571,493.9614240655985,0.08879186362621003,359.9796972834083,1185.718297587622,1227.8153374836609,1178.630867865476,1205.0834223911734,1.7665616715240602,3.6351069373385214,0,0,0,0,M039,2.88,battery
72.60000000000001,1,24.744614853791948,12.663570962957731,0.9411554149387372,16,1.0311166143095767,0.7464729403165239,486.73507332922816,0.14642295310231704,0.42550501370318905,1214.6617081478203,1168.9391995282288,1220.024185652825,1167.528058443199,1.711425645109335,3.757858002191476,0,0,0,0,M039,2.88,battery
72.7,1,24.892528376818593,9.274644370114217,0.9411299813257926,15,0.8768424463591711,0.4320855994565179,520.3177264223922,0.14562298386853936,0.39446019693534645,1210.6446718562042,1161.9694380378903,1216.98214400101,1221.6667123054115,2.8438981744941616,2.4201164888741635,0,0,0,0,M039,2.88,battery
72.8,1,24.821894733049827,7.071452352837431,0.9410948924558087,17,0.8610841014947543,1.9791672684431516,488.3960548178359,0.16855987493762786,0.39813709705223593,1220.5233402679949,1202.1806017940246,1200.3771982855824,1228.2941942602754,0.8431573916846558,3.68700825854479,0,0,0,0,M039,2.88,battery
72.9,1,24.813101537042286,9.477987397191539,0.9410630010402441,16,0.8841580061623837,2.048193919252929,509.5160833239544,0.3065836022241742,0.2590526831982804,1195.217310821633,1202.36794687498,1240.6288977903857,1142.199501979316,2.7645993615248416,2.702233494653792,0,0,0,0,M039,2.88,battery
73.0,1,24.4696969955389,5.552422296054072,0.9410314658791139,16,0.8766546555568777,0.8987870623934069,493.58583954034066,0.05072158531388401,0.28367239193269783,1216.9790827907602,1178.8526824612215,1209.6195662211385,1193.236431118011,3.3127824359547633,5.57874637836157,0,0,0,0,M039,2.88,battery
73.10000000000001,1,24.798542716333262,6.017955729848962,0.9409992690236514,16,0.8672683720229479,0.6932709140288553,484.73633736788554,0.1600805900570803,0.7189321618521659,1187.6400127419956,1127.6883246597538,1160.7389750044179,1183.2916986201897,4.74862955274913,2.1413822264680933,0,0,0,0,M039,2.88,battery
73.2,1,24.726172343771566,6.43780801383696,0.940969026114294,16,0.9077736278645269,0.6367136674692493,492.1983477825752,0.17819538956687359,0.749115934425105,1229.0985255488683,1168.7827549995238,1203.6860062603657,1203.26470889392,2.7479456625993666,2.5431720566298788,0,0,0,0,M039,2.88,battery
73.3,1,24.769080745462865,5.970654115368784,0.94093878051996,15,1.2948617925271726,0.675344836086021,519.4505974226555,0.1505788498583097,0.7369440281675713,1192.2615208458085,1220.9530484933498,1204.3319858840873,1194.5469576916632,1.1269153792928284,1.450670523473752,0,0,0,0,M039,2.88,battery
73.4,1,24.79845599272411,9.664813340702576,0.9409040326515224,17,1.130124935574954,0.8049051927966315,501.19323068045674,0.03710920468860942,1.475749544130601,1238.714167373888,1244.10312345669,1192.246525155485,1161.3596843130963,5.017196990249283,2.4527272585740505,0,0,0,0,M039,2.88,battery
73.5,1,24.804315937131474,4.489708566444472,0.9408769061055056,17,0.8639862365551629,1.5741927072645439,512.5785777667339,0.1032621716970689,1.6429920251444268,1193.9051218981847,1180.1876561765137,1236.2295483729047,1194.4295908116007,4.85347943671506,5.4858435232659435,0,0,0,0,M039,2.88,battery
73.60000000000001,1,24.886811634137306,8.109885378056521,0.9408454452519134,15,0.9936053486312839,0.40243100660370246,514.9045885018464,0.3187317933654645,1.3036161256806542,1192.528187674974,1258.0174048116864,1183.3408071704764,1160.631695183568,2.5761366428852246,2.353597067080002,0,0,0,0,M039,2.88,battery
73.7,1,24.720812977916353,6.279571547528732,0.9408176013947898,16,0.972494324436267,0.47684452067175664,497.9245892997301,0.28745046731997914,1.594635395265872,1168.8777535068255,1218.546402236471,1211.676427688815,1184.6361698025728,1.8931742274619945,4.408737944711513,0,0,0,0,M039,2.88,battery
73.8,1,24.779888493245238,12.288790350698315,0.9407769908610218,16,0.8933683434047416,1.3590858809751065,507.5850026966622,0.12612829151883276,1.841025721158644,1198.6266193831414,1206.2647189518282,1202.8885152330638,1197.4182260717068,1.4041989393861327,3.005356429309092,0,0,0,0,M039,2.88,battery
73.9,1,24.89514443688927,8.778323225624575,0.9407442697510829,15,0.9960119155414568,1.092884888962392,505.3550442949813,0.11699842132665317,1.263127594670142,1160.09526048327,1186.7171788065125,1189.8083904440919,1204.8847936905465,1.7613176666498696,3.3085348713199174,0,0,0,0,M039,2.88,battery
74.0,1,24.78420379153139,5.50028481656768,0.9407119775080901,15,0.9269675041580508,0.31466760677356886,463.21408592152653,0.02646025615452834,0.4808064760731934,1176.4526283347564,1239.8232178339267,1175.71657668569,1203.78690261724,2.9869526709793432,5.102683587956907,0,0,0,0,M039,2.88,battery
74.10000000000001,1,24.877407903534387,2.4927886114576774,0.940693332176087,17,1.1007412851849545,0.4847486003073471,509.6282753827527,0.17843283203208066,0.9999416902740396,1171.2257445678667,1229.786619556723,1214.8097650187526,1211.271003378898,4.030229746944226,1.6521102753950392,0,0,0,0,M039,2.88,battery
74.2,1,24.752484516755228,3.383374854214109,0.9406645246650035,15,1.0435601122249578,0.5016835033887652,503.7067666615937,0.07859715300410379,1.026965220167829,1187.3333599978132,1194.1198814931859,1232.926629325789,1199.3240192921953,2.4584935367356957,4.619656853622523,0,0,0,0,M039,2.88,battery
74.3,1,24.703747662010674,7.34558382346977,0.9406339949179976,16,0.8924683356877727,0.5849347994239974,478.8820872833393,0.15088187632570166,1.6460624988592945,1205.720984938288,1190.932713135317,1197.6091175078413,1201.3417686645173,1.8320147564624107,1.8421853500534455,0,0,0,0,M039,2.88,battery
74.4,1,24.70465409215758,6.352913212939665,0.9406079135546591,15,0.8886755954416856,0.7174480049296658,489.56363612224106,0.18603513158462154,1.5000357937748185,1221.1718535344287,1189.0112360641072,1178.3011519560757,1229.9155774349738,3.0653705067500674,3.0642054720568455,0,0,0,0,M039,2.88,battery
74.5,1,24.856318102271093,10.272664572932047,0.9405775029979996,16,0.9524409863651053,0.1768128209579319,508.6196071634373,0.1801881991104034,1.8279643035632005,1226.3834927632593,1212.6943968383182,1188.1016130563064,1150.174508136858,5.997051653696496,3.549638187850741,0,0,0,0,M039,2.88,battery
74.60000000000001,1,24.813164415557903,10.882647749567752,0.9405427119488543,15,0.8491602087291026,1.228809609568362,500.4946248351089,0.2530645039042554,1.5049207548481605,1195.5064201873256,1221.750896974424,1221.7467304229228,1173.635049227226,0.2819293659643394,4.211176486594289,0,0,0,0,M039,2.88,battery
74.7,1,24.71518881738679,12.013603010204164,0.9405056359416577,16,1.0662106291914795,0.620574374928895,500.1514701498374,0.11997406419229348,1.2635546169704623,1217.5801035102975,1220.9827224420492,1243.124947899228,1201.1840627706408,3.8194065286689014,2.867283145411083,0,0,0,0,M039,2.88,battery
74.8,1,24.882246095559754,8.086648185153878,0.9404786727733768,15,0.9877968919032145,0.3533922266952675,523.1375394140958,0.17735881094974698,1.7983880787559134,1212.795840155605,1215.0719344659876,1238.7987516309659,1202.982137553889,2.1432760246375273,2.5645560258769704,0,0,0,0,M039,2.88,battery
74.9,1,24.849178595621296,8.244329616079805,0.9404503901661428,16,1.2175805485059712,0.6851653317710849,504.3975381255739,0.05067699115042111,1.5298078926345595,1275.609097153038,1200.783430787618,1194.6822438528113,1207.4797320029845,7.355320569338067,5.571928873288705,0,0,0,0,M039,2.88,battery
75.0,1,24.935802469564,11.376108093274041,0.9404182866952383,16,0.9084714551784695,0.2750221512185774,519.0332700443423,0.31760203563222883,2.338844496283739,1165.3976229466305,1168.760716704222,1186.5131621785358,1153.6893123109603,6.650613212235153,4.240592683664854,0,0,0,0,M039,2.88,battery
75.10000000000001,1,24.714591422941908,10.858062135446795,0.9403846787118443,16,1.0374788663737606,0.41886018275455494,495.50233282749156,0.05233818161966167,2.6247675035824987,1187.216131497751,1188.8383578911248,1213.6086329903167,1191.1486862909678,1.4825572014483186,1.9073613264706024,0,0,0,0,M039,2.88,battery
75.2,1,24.725300405669575,8.437416250976169,0.9403564918007317,15,0.9348388771624222,1.2812667560510413,507.7097744916525,0.1167334687820379,2.307665511314225,1229.7583600796563,1202.4267964592075,1238.3589480838004,1230.6547288781992,1.730522272502317,2.445824450483176,0,0,0,0,M039,2.88,battery
75.3,1,24.73977268584748,5.876661173225728,0.9403169258154528,17,0.9371582430515908,0.14028916554340531,490.5556323859743,0.20064002709333767,1.767950327354301,1174.9872713084094,1180.1233032005846,1192.772081544026,1174.5394683130116,3.9151012667439,1.6760432719181502,0,0,0,0,M039,2.88,battery
75.4,1,24.805268945787535,13.600701145184605,0.9402844028304173,15,1.085010460724214,0.5575637886920535,472.2613330899706,0.07772763818077008,2.2379997539503416,1183.6930362968342,1198.3416306053407,1247.5157197201931,1224.926478488246,0.4939517261608406,1.007274920010303,0,0,0,0,M039,2.88,battery
75.5,1,24.573534110352014,13.351531037545755,0.9402491826967548,15,0.8267416475680804,1.1712379281874747,461.41035757730293,0.17783209129533784,1.7814983968923204,1240.7567933638534,1210.0958946210146,1227.8853615171465,1206.6844675276984,0.6470638515191817,3.8768556359404345,0,0,0,0,M039,2.88,battery
75.60000000000001,1,24.893437126872172,11.447740611084285,0.9402136396486925,15,1.009867970673589,1.0465489261847722,496.01905131312924,0.13662405959019414,1.7231436493404682,1173.6767359157848,1191.0976740700537,1228.3803803265916,1231.6473549951086,2.436367429602318,1.910408672381711,0,0,0,0,M039,2.88,battery
75.7,1,24.53984840785503,11.914271813136324,0.9401796350987844,17,1.2580534056371466,0.4106346751118353,517.5185083359196,0.24013131779129876,1.7451097310414623,1203.8381025616522,1259.7283522357113,1194.9765328764954,1233.9927502582675,1.4061294139885716,2.1794241926920805,0,0,0,0,M039,2.88,battery
75.8,1,24.718516867336906,8.90275162652046,0.9401436623977376,15,1.1115077373108813,1.2256476952546917,473.4635401589065,0.10376076606674868,1.518435984725068,1196.1707788665565,1187.3665956477737,1181.281568720051,1192.4268864435128,4.711287181653476,3.8982401398067728,0,0,0,0,M039,2.88,battery
75.9,1,24.859882574848765,15.908460094094366,0.9401106840918596,17,0.9374378852079917,0.994106292819253,512.1642776974329,0.12222713311928649,1.5613825561848627,1198.574009296716,1178.6808402076417,1202.3398135633627,1242.947639858671,5.271923224715639,2.3464431087694995,0,0,0,0,M039,2.88,battery
76.0,1,24.860015855354302,8.323977651344723,0.9400781152757375,15,0.8412600096123518,0.6120027552705127,475.38322655679264,0.16714939199978363,1.2219199092829294,1231.7377597844516,1206.5539987335808,1206.1601679575917,1161.5035902575032,3.253721546235866,3.6572256467864968,0,0,0,0,M039,2.88,battery
76.10000000000001,1,24.82585509490586,15.132551934097577,0.940047603177092,17,0.924113616189678,1.6238980630667599,496.1743380978693,0.049387068009679326,1.1880924983646999,1210.5371576368602,1228.8182144635998,1198.3301199642933,1217.1807677423255,2.354486232345104,2.2417869239387804,0,0,0,0,M039,2.88,battery
76.2,1,24.70817678410183,8.885463997388161,0.9400160181804885,17,1.08808165064748,0.5439431991971733,514.8270648033963,0.031793428064477235,1.4335470004168456,1186.4915671828992,1212.5342882571645,1233.8702510955422,1235.1086583101212,2.662798154240633,6.045899731410369,0,0,0,0,M039,2.88,battery
76.3,1,24.74370137751634,12.601526352039418,0.9399845275609543,16,1.0786526340229767,1.403693455751353,520.8658666508408,0.051079974782571286,1.516311921450732,1207.8414628699306,1200.4634437242298,1193.4844131706159,1207.8340084424326,0.8135894507279136,3.4897006199145832,0,0,0,0,M039,2.88,battery
76.4,1,24.71023972130123,12.555926943758127,0.939949443799894,15,1.0321776176062123,0.24661575441431954,558.9637278125567,0.014663389512885584,1.75336398602952,1202.484652167135,1162.0499972840505,1195.867150892403,1203.2725181722024,0.2598162901899952,5.379333434812062,0,0,0,0,M039,2.88,battery
76.5,1,24.898004020137503,5.010767587606045,0.9399218629241847,16,0.9783601167256081,1.6437336380558392,468.8219938058579,0.04005426099920471,1.4759383600066915,1209.7818330612172,1226.9547847684398,1178.671888598952,1237.8875258636454,2.79476347247192,2.0546985415331154,0,0,0,0,M039,2.88,battery
76.60000000000001,1,24.903037673376147,6.679634666681087,0.9398866911263519,16,1.1089637162050903,0.8013872809362681,513.3966564165373,0.15261012103244959,1.1278836045713188,1195.66713449105,1191.4211890085426,1174.4953913308445,1175.7692694283483,1.422972092619167,5.5538580307757,0,0,0,0,M039,2.88,battery
76.7,1,24.735378285290334,11.81488441733443,0.9398547112134945,16,1.1081420829406063,1.276274381358722,532.3404425106473,0.19957628104109923,1.2475300875188515,1201.8892473681979,1175.10512969683,1151.4034739771212,1217.0064677166622,1.885447821397484,4.544984282205521,0,0,0,0,M039,2.88,battery
76.80000000000001,1,24.800379634869863,6.891606104579043,0.9398257951730603,16,0.9742626324296138,0.5937337226613568,491.3381224733316,0.0842610399681552,1.1213891444302164,1198.242284657474,1194.5157688613706,1217.939384084817,1251.4263074760304,1.4397141042617587,1.9784284311922922,0,0,0,0,M039,2.88,battery
76.9,1,24.896228060896057,11.165930360305474,0.939801696238056,17,0.8636604352018069,1.1247709032918967,471.67268497755845,0.10817295484047171,1.5475656300419205,1172.666095727974,1205.7619350682594,1218.2664823635896,1201.3459673899697,1.601941160062574,4.791423353110899,0,0,0,0,M039,2.88,battery
77.0,1,24.7217643948412,9.01628302950746,0.9397710811092888,16,0.9251567876807392,0.5090976392171708,518.2424861807499,0.1077215875700858,1.2451840098488747,1183.8483767579812,1201.0674988890196,1243.597408372556,1259.241185641812,4.225356601168529,2.615589850576425,0,0,0,0,M039,2.88,battery
77.10000000000001,1,24.59734330710033,7.099638320669532,0.9397378940831327,16,0.8416257422675436,1.2080098321783694,499.32524262440006,0.2602045785857289,1.05524613816914,1185.0114055426784,1225.5062574078386,1174.5295130387585,1153.1786582374057,2.779199202603002,2.842384619725504,0,0,0,0,M039,2.88,battery
77.2,1,24.66979471452433,8.107170208773498,0.9397108488611354,17,0.9591301640725703,0.8551690535039851,487.73933984531277,0.05833602313694716,0.7199662327224565,1187.4613598513283,1205.0519655887904,1202.1728343192865,1245.7766687323306,2.46851896934378,3.018163605988012,0,0,0,0,M039,2.88,battery
77.30000000000001,1,24.873466299676505,9.027565927425233,0.9396783073029961,16,0.8591130950974396,0.891211260818546,502.8463168277292,0.10981527570812868,0.0829342403622132,1192.3022950609272,1229.1322845793945,1220.5899052060436,1203.5755836702863,1.482979994309725,4.283111610576098,0,0,0,0,M039,2.88,battery
77.4,1,24.96002750908998,8.609606313864495,0.9396461085035439,17,1.079625899144326,0.8913813481637121,498.8447252871287,0.06071971183622095,359.86106655757635,1226.5064225757917,1220.2973070575133,1191.1786281882846,1197.400238716426,1.8326801634418444,1.6838160153174735,0,0,0,0,M039,2.88,battery
77.5,1,24.87018439796462,14.40626865889108,0.9396128434761676,16,0.963727078021591,0.8401554824364508,512.6592782061856,0.29666076036850153,359.96520572334606,1206.2061362602155,1216.3200890171495,1209.768993057286,1243.9961935892886,0.8218958210802803,2.855106718066788,0,0,0,0,M039,2.88,battery
77.60000000000001,1,24.794550831228413,18.707260581402267,0.9395727866898038,15,0.9029412812030193,1.1145195146060902,488.1570027391727,0.032055077205924175,359.4604735377636,1218.390145602196,1221.1764445886101,1184.9858953529986,1185.9380261842107,1.2557889723489761,3.0307362061621816,0,0,0,0,M039,2.88,battery
77.7,1,24.878648248004495,11.217136254588466,0.9395385586630577,15,1.0040064218744194,0.2773155799138284,508.44285078535773,0.14300876924141054,358.9184023151701,1206.7111621593813,1190.7382962920888,1190.4112685647729,1211.0395094857836,5.445051224578945,4.327858815373554,0,0,0,0,M039,2.88,battery
77.80000000000001,1,24.705641069304967,8.536547513165571,0.9395071509590673,15,0.9444979536781728,0.1864072866414757,488.77705400960957,0.2520432156329025,358.64502656599285,1157.0203792928896,1159.7872593848376,1193.19101316494,1170.29244956982,7.249177081928457,3.6862124553843927,0,0,0,0,M039,2.88,battery
77.9,1,24.61470375610669,13.998267475198517,0.9394659240071412,17,0.9607065342535586,0.4150523135464819,501.5939516165731,0.15446346534973146,358.5979901294331,1188.849232658624,1233.979826204027,1224.848873931477,1199.7290241372095,2.505432275238271,2.44454261520659,0,0,0,0,M039,2.88,battery
78.0,1,24.73901105299522,17.706323673811994,0.9394301292595423,17,0.9092245699762385,0.5070577711507631,467.761596225234,0.2781475943854928,359.243076912364,1228.1829221951352,1213.0523842423236,1245.4452880310573,1182.6024560099947,5.0620882902665985,4.024078442367795,0,0,0,0,M039,2.88,battery
78.10000000000001,1,24.742105853949415,4.6646911447853885,0.9394001659907861,16,0.9430703365575572,0.7926919120654168,496.3069388659837,0.07102932695454553,359.2494417021321,1207.5750909311835,1178.3930640806611,1224.102374762844,1186.7852465204273,0.3538727158521146,3.2565589424602623,0,0,0,0,M039,2.88,battery
78.2,1,24.746099339675176,10.565950789168847,0.9393653976557503,16,1.0737244679778688,1.3821302750535485,485.6257249354431,0.35893280325975396,359.4422871534347,1233.6938438214383,1248.9183968104626,1248.4430128026688,1222.165096531293,2.6573706559838737,2.6573171887433933,0,0,0,0,M039,2.88,battery
78.30000000000001,1,24.808855122312448,9.322575125603757,0.93934009105569,17,1.033746076034126,1.024347736329442,496.47237212039187,0.03637847905952515,359.7808297083779,1153.7086366768247,1257.8162344151676,1217.0788367330204,1193.8447517688257,9.522857978989466,3.6157283059803365,0,0,0,0,M039,2.88,battery
78.4,1,24.81161610652292,6.418737857258616,0.9393113335171579,17,1.0551677090961944,0.23215830516841132,488.3182252222623,0.13753500111221256,359.574619378685,1205.5382993916787,1205.7504583391387,1174.2489533797966,1249.493762361145,1.8075570438194644,2.1425650424250438,0,0,0,0,M039,2.88,battery
78.5,1,24.88593072902549,11.4586414343038,0.939280535706096,15,0.9003433088099686,0.9284937085852619,475.42641693102286,0.054454351512150626,358.73857045596657,1193.264381536506,1208.1811149965404,1179.9899964119159,1200.8142618525346,0.40292578953851466,4.695891525851813,0,0,0,0,M039,2.88,battery
78.60000000000001,1,24.7612704944987,11.344689594880988,0.9392475527412719,17,1.1389086090450409,0.36768519520820475,476.30113624420574,0.04435714345157811,359.07993482820547,1230.6743210066686,1198.6162830813153,1151.1724079257406,1212.774696850062,2.056548935400535,3.8323873905560264,0,0,0,0,M039,2.88,battery
78.7,1,24.88888402135803,3.374411621920607,0.9392236933797973,16,0.928232503908913,0.3915034919173997,496.7558905945034,0.08510529105535039,359.7829687833389,1226.1285787752015,1220.6214707012377,1151.5528436921866,1223.3612850356226,1.1984345980814903,4.6313202791447585,0,0,0,0,M039,2.88,battery
78.80000000000001,1,24.751746167773533,17.456541711813514,0.9391887360410438,17,1.0924980590838267,0.6424688286816076,513.3344515810478,0.07584534256515296,359.75027905900805,1170.3115530071213,1224.86841152322,1146.2186404162662,1214.3316847909016,1.2341871596157874,3.2164801522907487,0,0,0,0,M039,2.88,battery
78.9,1,24.771333518398382,9.24033668913622,0.9391581749762367,15,1.0264811107411551,0.8391307925257934,512.3393752308049,0.1290032569123199,0.36921160099953176,1176.6936204274898,1194.781844922644,1194.0293219685923,1203.3862198729134,5.978336295064437,2.7390637202362282,0,0,0,0,M039,2.88,battery
79.0,1,24.93273130884982,6.999582009958455,0.9391301406215482,16,1.1022881621657854,1.0402486289570054,518.1170938406672,0.12359077353852466,0.5344887401452386,1186.2909383221415,1178.855943884558,1163.7000224951976,1204.835509688251,6.189017614352255,1.503880870004554,0,0,0,0,M039,2.88,battery
79.10000000000001,1,24.70769795288763,11.051004942053433,0.9391022764930687,15,1.093670052259324,0.38229915889691124,490.5543407520295,0.16309611269048307,0.054965697442579786,1225.613436854728,1219.7454411860654,1186.6908481761016,1168.6683025351917,1.6904271559595956,3.7110575834498176,0,0,0,0,M039,2.88,battery
79.2,1,24.811350183121554,6.177338783193922,0.9390736639715199,17,1.104967250103533,0.21658880105843636,470.1474086529051,0.17406431338780537,0.796539912737807,1196.8911745514183,1156.3449953200425,1217.6294297233167,1176.08087523164,1.6416580223357282,3.330950818212197,0,0,0,0,M039,2.88,battery
79.30000000000001,1,24.906277688669725,4.193617036935117,0.9390427436468768,17,0.9819533572827258,0.21145872976238422,497.49618023207574,0.05098043682770551,0.7568517684484711,1206.0050611671086,1206.0926767915294,1219.5960199985432,1246.130468836532,4.507937874140012,2.810172482151943,0,0,0,0,M039,2.88,battery
79.4,1,24.7834196723665,2.982074534553436,0.9390076618418519,15,1.3008046222459626,0.8148132783886735,515.9412051776319,0.11136629623357815,0.8382419443798031,1204.507262907076,1158.248737016157,1194.7976858838078,1200.0811630935893,4.0425847210436,3.1020500296198144,0,0,0,0,M039,2.88,battery
79.5,1,24.747475134668697,14.056860298938934,0.9389694540965782,16,1.168777660150396,1.4536807458653003,505.3399789088115,0.2692197731785879,0.6320580455077962,1178.6640398334064,1168.737024980777,1175.4618901797771,1198.5360878147471,2.721138491820572,2.9564988080459713,0,0,0,0,M039,2.88,battery
79.60000000000001,1,24.922956240484144,7.373891648977116,0.938935759679642,16,1.0436184693833883,0.7799986538325169,525.0121180840854,0.05724069540393129,0.4806395354768097,1211.299595004917,1229.5629346949747,1205.1780658132395,1160.1344156561975,4.325694119984965,2.900640849563594,0,0,0,0,M039,2.88,battery
79.7,1,24.866940378032687,16.56568142376041,0.9389008906365628,17,0.9014166021604088,1.0409736420983098,486.6513388302736,0.122872598961287,1.1334735780485494,1175.6732616552583,1189.511967562681,1192.220199717875,1206.460374299561,2.575040715386412,3.257626442814524,0,0,0,0,M039,2.88,battery
79.80000000000001,1,24.68832762616541,9.914239912194898,0.9388701594939243,16,1.0555135944705754,0.6630151321287714,479.8293867184815,0.2466383382171222,0.8621352764755177,1205.4704080246718,1153.5884635100094,1184.1540803765288,1183.8973271867314,4.398923148351411,4.871728249330255,0,0,0,0,M039,2.88,battery
79.9,1,24.7956582072127,8.890767634461339,0.9388457746550092,16,0.9893867276071954,1.0804540491477945,497.2038454366687,0.0459743123728381,0.8552610538859137,1188.7478616006301,1203.3112681296834,1193.4297726508164,1188.1445727099474,1.3382655086541364,3.107920380580078,0,0,0,0,M039,2.88,battery
80.0,1,24.60645142979934,11.607992120500512,0.9388076100923489,15,0.9384570964570671,0.6486322713061015,509.0450867489685,0.2705004313296445,1.2650249768089785,1182.0015128014927,1168.016825312946,1204.7842656848609,1170.0227470280574,0.8516503285676092,2.5820444140551837,0,0,0,0,M039,2.88,battery
80.10000000000001,1,24.717029670909536,12.744781143951204,0.9387773550486096,16,0.9703355155905337,0.3000258410589616,505.6022869469509,0.17937360270472533,1.0769521056254856,1169.010264460864,1218.2593302356938,1194.1385883130154,1241.8865592340244,5.138464793932143,5.398264422176672,0,0,0,0,M039,2.88,battery
80.2,1,24.807938959180355,12.41720906101853,0.9387437474926439,17,1.0017341722402837,0.4427880053301854,485.5367517149836,0.20355515300826285,1.3710008890467058,1165.1123742120362,1196.7750505858537,1237.774732538062,1205.130480304723,4.099944437712435,0.5002728198026706,0,0,0,0,M039,2.88,battery
80.30000000000001,1,24.68147506182511,17.242874456698203,0.9387073551013846,15,1.071079792393418,0.3911017407569935,521.4530836156738,0.11401819424862794,1.4498050184070232,1207.925678111885,1193.7091945063996,1207.1365482866283,1233.8837958278023,3.966834059590248,3.5823461329966735,0,0,0,0,M039,2.88,battery
80.4,1,24.72146427023074,5.003710472764892,0.9386773654692828,17,0.9531841688642861,0.3951541188459974,482.0377146219572,0.08801731327745314,1.5889803230572495,1188.825390023039,1241.5737336635698,1209.3755471962138,1176.6579674366315,4.772351338473748,6.2162812330316815,0,0,0,0,M039,2.88,battery
80.5,1,24.906841626914662,11.25994811683302,0.9386421647445312,17,0.8821710488074671,0.7182524290508651,488.41902032111494,0.08602810335576977,1.6214508466268642,1181.8306794478447,1184.4918157027423,1223.0604276505508,1148.228042418095,3.4730185957618267,2.020012255101813,0,0,0,0,M039,2.88,battery
80.60000000000001,1,25.052447307125593,8.154671321525603,0.9386182239451676,15,0.869024412409053,0.588917830606199,476.83626223828713,0.054045464961250594,1.9145948142749354,1223.5098887160145,1197.1752088732228,1170.1207058793793,1197.930803761197,1.8619549729315088,4.396520428450236,0,0,0,0,M039,2.88,battery
80.7,1,24.965240894175924,3.734022676573013,0.9385834074501165,17,0.8714755858381156,0.3190460253051782,515.1546887281963,0.0710402777916705,2.3806454175299545,1163.7416363577486,1190.5694873856394,1214.520563280088,1197.8507490144261,1.9899717703766222,4.008338896833908,0,0,0,0,M039,2.88,battery
80.80000000000001,1,24.789973620277525,10.787401007766121,0.9385493395176077,17,0.9433426043965004,0.07445574829928435,494.30130708340187,0.12838441878465423,2.724498472455611,1232.5366017989802,1178.5813961170588,1236.7059450552072,1260.6962725680326,1.524761279934724,2.7298105987798675,0,0,0,0,M039,2.88,battery
80.9,1,24.595261525253644,9.079936975741965,0.9385224294461775,17,1.0307305472037827,1.1161528270497447,498.3293485454162,0.13847215443777192,2.5640602107731096,1165.210077434627,1229.9192664172497,1195.7912514674297,1182.0229933562514,2.425022372583341,2.964765132824822,0,0,0,0,M039,2.88,battery
81.0,1,24.69627168369256,3.2550272883349587,0.9384875244203952,15,1.0720076024569019,0.390295991598845,503.9777897940458,0.15337563511003144,2.7115613642805596,1196.694895324403,1182.2696996763464,1186.767555802986,1247.1465321316484,2.2704934786301836,2.325637598988366,0,0,0,0,M039,2.88,battery
81.10000000000001,1,24.863120326714352,11.475720284004705,0.9384574188043064,16,0.972375901660015,0.5358854241119232,514.9115281128043,0.1424381339559881,2.4914989519518858,1225.4171407885292,1188.619242575144,1222.9489440798798,1238.0824042858098,3.535634131256816,2.6687165758036198,0,0,0,0,M039,2.88,battery
81.2,1,24.96447920136055,6.576314507916853,0.938422707523212,17,0.8653570436250207,1.0135572375516957,498.47416597129796,0.1087656109106036,1.6557779145946152,1159.9775831365068,1229.7842250595006,1177.2254341312573,1206.2067128252888,4.303773248315554,4.9104597781893595,0,0,0,0,M039,2.88,battery
81.30000000000001,1,24.664143662734723,11.588998099725025,0.9383888537887062,17,0.9789044202103417,0.5899726167904774,493.8974211645321,0.11456756297230385,1.9085849568564242,1137.998304413851,1176.2539165563196,1198.4710371364852,1182.6252105716014,1.4708399256756768,3.2855981409962904,0,0,0,0,M039,2.88,battery
81.4,1,24.991232151965008,6.393647827660744,0.9383593083660235,16,1.1457868405094431,0.33532087466584387,495.84722721411015,0.07743562393701431,1.8755619944696125,1222.9055778844215,1165.9038147274716,1220.5201072009181,1217.0628960329955,1.3548329485471198,2.3184066685063254,0,0,0,0,M039,2.88,battery
81.5,1,24.60907504065581,15.28208059659514,0.9383219363059998,17,1.1417248813478973,0.9041314754886408,507.21800123932474,0.0543302403606026,1.849946635365776,1213.2287302718087,1211.897327853385,1182.1726425448744,1189.7223856164733,1.4171717179320678,5.2117902489502494,0,0,0,0,M039,2.88,battery
81.60000000000001,1,24.767823768501632,5.556474519914719,0.9382927068429705,17,0.9069470563790833,0.6361145340541994,485.9380548629096,0.04998689350754104,1.9114989791532029,1243.7843504272807,1218.9951979755476,1204.8583864830453,1217.4428434909235,2.3866067765391925,1.8524939871378332,0,0,0,0,M039,2.88,battery
81.7,1,24.776766476606753,9.483655155631002,0.9382534469542827,15,0.8781920951006299,0.47151414635015815,495.1048102039448,0.30053686200704693,2.1008831497317693,1190.168345349122,1181.880179884371,1154.6282851654687,1195.2248142919095,2.5247846841502097,4.900335352988006,0,0,0,0,M039,2.88,battery
81.80000000000001,1,24.9068869218882,5.704373918091157,0.9382355732980256,16,0.847532091360936,0.6221626257489266,514.4036562571204,0.13832248358329985,2.2649109667999294,1188.764564795569,1148.540999002864,1196.874272358562,1146.6322143364548,5.009566646535613,2.103773322547676,0,0,0,0,M039,2.88,battery
81.9,1,24.83291610240086,9.515231597025194,0.9382028330667048,17,1.3354449300165847,1.4857516644023192,503.279704377652,0.0645684940652943,2.0659182740041775,1179.2840107621973,1207.3575685612793,1197.5371136813114,1210.2991018318564,3.0815887511787894,2.812286968521815,0,0,0,0,M039,2.88,battery
82.0,1,24.753244751465694,12.916684086709518,0.9381718068273777,15,0.9796915954621875,0.6148221290613716,499.57442210182853,0.07982478644992286,1.9326806715603848,1179.2726046213718,1224.1859634631935,1223.262121220525,1149.6093002393293,3.8182499670611074,3.43511015818037,0,0,0,0,M039,2.88,battery
82.10000000000001,1,24.583199385642562,7.456234302328479,0.9381346215172772,16,0.9403093272805787,0.8428986273276299,532.2193572638279,0.24331754929592078,2.1928483917433157,1198.9269908324682,1207.8093143556516,1236.957214316502,1207.305138127445,2.1459185038261466,3.591722550963256,0,0,0,0,M039,2.88,battery
82.2,1,24.646704349701693,15.710373591391338,0.9380967067213501,15,0.8607284717871267,1.591833747838137,487.06800577847685,0.08701496782485801,2.3368371525980005,1220.9120362189344,1234.0841804918596,1166.4320493060907,1185.921918217912,2.867306424812835,3.896435942819588,0,0,0,0,M039,2.88,battery
82.30000000000001,1,24.81548458332328,12.917471805949763,0.938062634915173,16,0.9372543696147668,0.6781506305495096,484.29121543097517,0.07119049411363562,2.6459166493838806,1172.270245932843,1183.4854022657007,1206.4543258139913,1193.3016394439824,1.343403291984314,2.3256875579952654,0,0,0,0,M039,2.88,battery
82.4,1,24.96633487656191,8.079877927015623,0.9380412329458364,16,0.8887773239367905,0.5541761387437485,493.9729072350003,0.28122655090952303,2.9658813580940397,1193.210695165977,1208.6245931014657,1185.5767263341982,1163.409742284185,3.2418463697889157,4.50043071222799,0,0,0,0,M039,2.88,battery
82.5,1,24.88897157051813,4.421443028645889,0.9380098332666883,16,1.0656388611359815,0.140982703366326,490.2870347632447,0.0548683062563826,2.966839400972933,1233.633144951585,1217.1191008285236,1155.1592734014994,1161.9019547449295,6.345678383817778,4.188197811595721,0,0,0,0,M039,2.88,battery
82.60000000000001,1,24.6904668559803,15.520641064493422,0.9379767969182315,17,0.8243762817479052,0.26771160050537934,494.17883688367135,0.18022245353882288,3.1445944072573933,1204.7727963514874,1221.2313622164727,1232.021026433894,1171.5828826198392,0.7393810378783938,3.354180893942819,0,0,0,0,M039,2.88,battery
82.7,1,24.589653762380774,11.76788120235553,0.9379416567478501,16,0.8403946946484632,1.233370017303873,527.1302362299019,0.07686602611839682,3.2353077673923685,1219.630334793539,1209.3137340883793,1193.4451872487136,1219.3213396697445,0.8750041775995494,2.673582509247387,0,0,0,0,M039,2.88,battery
82.80000000000001,1,24.791964968854067,11.743245234265133,0.9379130431031408,15,0.9066818060026547,0.7183010957475835,518.1037770144368,0.19599268364901132,3.2307249502954436,1200.5970149804798,1221.000691565433,1184.4654596870664,1197.7394805713006,2.2589928746054095,3.594680482235627,0,0,0,0,M039,2.88,battery
82.9,1,24.939831692101432,11.335098113051103,0.9378830984887276,17,1.041923411961408,0.4877894551145493,499.1907573920123,0.04339656233053046,3.2148866820942907,1200.4481288219788,1179.6539780150229,1199.8597810582353,1211.1185056990596,6.177248441348873,3.463882301997508,0,0,0,0,M039,2.88,battery
83.0,1,24.604757873428206,11.719880594718049,0.937848980855043,15,0.9057157634946377,0.43509128239439443,487.9158492009245,0.019256012935691354,3.5887942912057333,1191.6274179888856,1189.4077887683552,1214.9193798619524,1194.2037656055006,6.4744180154497775,2.947500337128655,0,0,0,0,M039,2.88,battery
83.10000000000001,1,24.684919993797084,13.256883271847549,0.9378112808158241,17,0.9839410718506238,2.049132473853992,479.2599352341942,0.09233384009685167,3.4218601133693176,1159.8587871999812,1195.6929590056352,1225.9303692600267,1168.635459420771,1.6554828700695243,4.482514921575539,0,0,0,0,M039,2.88,battery
83.2,1,24.73295193435311,14.67558510056995,0.9377768612922627,16,1.0439361692582056,0.19742700981196382,511.45565282089837,0.221101129918425,3.038646493702607,1198.885945967853,1199.5552666557728,1205.8477693223845,1238.1792442569915,3.8586618622279443,2.978996635048536,0,0,0,0,M039,2.88,battery
83.30000000000001,1,24.857813834204933,5.07812782971034,0.9377395964935787,15,1.1987878396768525,0.28569062515929644,508.04498427471907,0.07006289018433992,3.325713214548492,1274.3934102906283,1188.184162121476,1180.577536377894,1174.8761344481222,2.66289755356313,3.182151763071368,0,0,0,0,M039,2.88,battery
83.4,1,25.032505708630577,2.118741851962663,0.9377104086066638,15,1.032404508224019,0.2819376228523661,466.9302605634224,0.23521469178903603,2.9041644031775276,1199.8640162575282,1182.8763680703967,1213.578814039788,1223.800700873823,2.325084849668226,2.336587273440683,0,0,0,0,M039,2.88,battery
83.5,1,24.643445507980104,7.354827762959258,0.9376842695936676,17,1.1645171715031633,0.8079738713549208,525.0979097947355,0.2503162409379228,2.967052594942547,1205.8459445712065,1202.4233696848387,1170.585246604304,1260.2200186680966,1.9729530837097766,2.397908695025142,0,0,0,0,M039,2.88,battery
83.60000000000001,1,24.937992271410014,6.216854263530408,0.9376540095242036,16,1.1534448481708652,0.536518382690404,493.46004992762283,0.040380405404109476,2.880101080539499,1217.9797437132847,1231.72776602219,1201.3004944405152,1183.5402073160706,5.853307256553338,4.161270167161308,0,0,0,0,M039,2.88,battery
83.7,1,24.87048520920391,7.54192070892475,0.937617530171111,16,1.086484436039383,0.4683986673938101,486.8939237133359,0.0500996832312275,3.293011790222907,1216.8347148593546,1157.0037196841522,1192.4017373024087,1227.6297899157796,0.8107064155594529,3.129287401599151,0,0,0,0,M039,2.88,battery
83.80000000000001,1,24.858703826357843,14.712329973853572,0.9375898664270989,17,1.0673503146114958,0.6813212398314039,507.35622107577325,0.2264566167331262,3.4243026429484136,1224.4452945510102,1173.3611859787402,1169.6203522321257,1211.2322904539874,0.7717569840108909,3.6413217165373473,0,0,0,0,M039,2.88,battery
83.9,1,24.648475221493207,8.75254510855782,0.9375627602272444,17,0.8520069949729548,0.18343623743638823,476.4551354030263,0.15187096617199158,3.3125908444392524,1229.6441785410043,1216.6085108444204,1178.8500489294986,1214.6104080165865,0.6324438873383131,3.488601798059805,0,0,0,0,M039,2.88,battery
84.0,1,24.8007553052331,15.318798717213962,0.9375272887013003,16,1.020893082715928,1.5323173002689918,506.53490723489966,0.11617941957556574,3.0327650304672007,1188.548105756948,1200.8916422282002,1189.6453992419881,1166.3481235848399,3.2758674696048478,1.4277752774795696,0,0,0,0,M039,2.88,battery
84.10000000000001,1,24.76891218833658,10.73371568878958,0.9374977290273864,15,0.8472781563004528,0.40124151251731005,503.0350749389746,0.054162205361760446,2.860797978355129,1204.698174849215,1182.6603530538018,1182.1378364427358,1219.6635801198179,4.351446753195747,3.28081767621851,0,0,0,0,M039,2.88,battery
84.2,1,24.75850001284669,7.652817822026065,0.9374650276644709,16,0.9494272794427223,1.12031541509425,481.778057039185,0.19930641398349946,2.188374436053948,1214.6560458517172,1185.6399804908833,1206.454615592587,1192.9086619962848,2.2138433858815856,1.4057075133464723,0,0,0,0,M039,2.88,battery
84.30000000000001,1,24.71026171812489,10.936463507229456,0.9374300462416905,15,0.9161260814962011,0.856632185833263,475.4739693387937,0.12308073798947308,2.1057408082187243,1158.6030280431037,1213.7205490101755,1194.3679582214831,1210.7025241958759,6.097513411870712,6.708917936348566,0,0,0,0,M039,2.88,battery
84.4,1,24.88682870279452,10.008229269927618,0.9374048797293618,16,0.9721089700351713,1.3590198938920321,491.36095746855074,0.01788471575497019,1.6946678800098751,1196.2193002684414,1250.445904776502,1201.2031718214669,1227.282757425779,3.0393353860456767,2.989013074148011,0,0,0,0,M039,2.88,battery
84.5,1,24.620577691642392,7.880257493515361,0.9373742396038806,15,1.0401816069492582,0.5042977050593986,504.9039476695841,0.048358780130979995,1.5649338233646157,1220.0252003732214,1197.4441900508227,1177.8523871820207,1185.4272190920424,8.02504740267163,4.08789100135988,0,0,0,0,M039,2.88,battery
84.60000000000001,1,24.637446468837286,12.392365933836007,0.9373397173340052,15,0.955108895616934,0.3661758645790383,510.7913893469225,0.1333563508844166,1.9422587435879783,1214.3994481101142,1190.9165796284726,1218.5494064214085,1189.2139478880424,0.4191371179805408,1.612542361728474,0,0,0,0,M039,2.88,battery
84.7,1,24.83722442199717,7.314105988622508,0.9373042308705491,17,0.9689898209350478,0.03551637981226358,486.9889502314658,0.3660133752861878,2.288123808952049,1169.2033164051734,1205.9562076972866,1219.3368966980054,1224.7476341102354,2.5861253579967,3.1120615366500983,0,0,0,0,M039,2.88,battery
84.80000000000001,1,24.476730738409206,9.347396420326419,0.9372738284566338,16,0.9818899996700216,0.6163138109749375,503.5772534285826,0.11244944775736535,1.9324680481867318,1206.611211864735,1174.0734939530969,1203.1358574631815,1211.6304834410323,2.289268434097392,2.9058407661399825,0,0,0,0,M039,2.88,battery
84.9,1,24.553286331133375,10.878569058609791,0.9372422817362903,16,1.0695535618858893,0.9509716646010115,502.33113074344243,0.08772672732154016,2.097572930085334,1211.1428437581396,1231.8657887597642,1195.3534300301385,1198.495718265539,1.7962728837523771,2.2221722385158746,0,0,0,0,M039,2.88,battery
85.0,1,24.73798072689319,8.739915873026673,0.9372136574056888,16,1.057104793010603,0.4720723551565636,505.1569232600961,0.19865666391103068,1.9912346898529247,1202.0107149425646,1211.3895974953737,1225.956992097303,1172.3830481663686,1.1404980042848871,3.2020794402111417,0,0,0,0,M039,2.88,battery
85.10000000000001,1,24.655689090831107,7.905368631949091,0.9371857614180275,16,0.8455942150614524,0.3528013029995959,479.54092340413035,0.1318716223369039,1.7682919042330116,1242.9393406681218,1210.3810707518517,1172.2916538131374,1179.718652440274,1.8976786074972178,2.715662389357891,0,0,0,0,M039,2.88,battery
85.2,1,24.954753811242465,5.026535403604582,0.9371551773997046,16,1.065959771133497,0.34490386726721284,512.1074382099405,0.15056390470363537,2.264483586520437,1186.1757843564994,1219.6372115821778,1163.134235584029,1172.0791668257086,2.538977608689496,2.2907796342930715,0,0,0,0,M039,2.88,battery
85.30000000000001,1,24.848471290244824,7.908682923872182,0.9371183617396766,17,0.9188146897632299,0.3430008406022112,513.1604193949247,0.018828576610992794,1.9347730679868784,1176.0724503037768,1232.7432691716142,1165.312155905084,1213.376116641468,4.129866468163771,2.4216193079471924,0,0,0,0,M039,2.88,battery
85.4,1,25.092718656129687,7.709765484493572,0.9370972418450825,17,1.1209722283788923,1.3456723840202784,478.2689218544261,0.03366635144572447,2.259846022490234,1195.0383071349902,1203.8511361470992,1194.7618679028192,1167.0646640353384,1.8910936661697828,3.874471403262067,0,0,0,0,M039,2.88,battery
85.5,1,24.914087739807844,7.327390796649855,0.9370666687160604,17,0.9581222114181681,0.45104621580042914,502.16668507463345,0.04373616360478217,2.479372916120144,1242.7200619322216,1148.7659218233173,1216.3048233705185,1184.3316912118619,1.0674423836600626,4.697963656879608,0,0,0,0,M039,2.88,battery
85.60000000000001,1,24.727636587711675,12.987749285498476,0.9370255083798248,17,0.9987684318709482,0.7947253540075548,500.923723249902,0.10514493990873958,2.3555566116273625,1140.9705658028802,1208.3490359420607,1159.4266409403958,1204.1923766652335,3.494337396700912,4.505793468163622,0,0,0,0,M039,2.88,battery
85.7,1,24.663142481607345,6.3035503586140145,0.9369949719245881,17,0.9803571884786386,1.462275798090366,482.4126560763668,0.04148454492858036,1.9265169618481492,1177.1478242936919,1196.0520673211822,1227.1162150316509,1212.9876813837357,0.7533085131366368,1.7228649164893626,0,0,0,0,M039,2.88,battery
85.80000000000001,1,24.884752549744558,3.523614849095109,0.9369603650548519,15,0.9525839884969605,0.3051900574183882,482.9261465900777,0.11848898172702653,2.08113999196845,1203.9724552900057,1189.8622328892131,1201.999921147817,1141.0023269793028,0.6971053911437302,5.264397632241073,0,0,0,0,M039,2.88,battery
85.9,1,24.66537441510293,9.096950561357827,0.9369280827829563,15,0.988229796225592,0.8950679700964372,496.5351517084225,0.1413961700501829,2.3592982440047994,1174.2285360871454,1138.979024265193,1159.2197021327197,1205.842751277474,3.3855696596642115,1.927973136938415,0,0,0,0,M039,2.88,battery
86.0,1,24.692955109058133,13.690401563890148,0.9368944678579535,15,1.096812307057582,0.7416495122134172,510.43535405088403,0.14377634348932866,2.479963397713959,1189.0246116581588,1207.093308805707,1239.3130203480146,1267.1604621843996,1.3193438007159517,3.821240453170827,0,0,0,0,M039,2.88,battery
86.10000000000001,1,24.75280680998737,10.127501023582168,0.9368586725620734,15,1.0997066836676619,0.6939431545065041,509.5327608612262,0.1822500574980395,2.317279545365256,1173.6130640912845,1205.6176513875162,1234.0726014749719,1224.3337589514922,1.5673431490802978,2.88658730283967,0,0,0,0,M039,2.88,battery
86.2,1,24.75484527092263,10.970200388257542,0.936825062218037,17,0.9861870670475383,1.5803149167655617,518.9356811523023,0.13748295968757396,2.8069095084887814,1208.4672148918876,1199.6392798312318,1214.2824525947453,1201.1083662116896,2.6390088663533477,1.8255408294100497,0,0,0,0,M039,2.88,battery
86.30000000000001,1,24.512938833661657,11.359438008339012,0.9367844414586423,17,0.9895704478914762,1.664414677038416,478.4403957070285,0.08821139699307685,2.272828944219864,1166.40394947447,1190.5091336410594,1207.3495429539892,1222.5856711149402,8.536600516083448,3.118629030670773,0,0,0,0,M039,2.88,battery
86.4,1,24.536040904400032,6.233153406277877,0.9367560330781394,17,0.926073091068567,0.7275602367097851,518.801344675574,0.17472190806152404,2.1373629470361015,1177.0487788851024,1184.5458330800814,1225.1617539527315,1179.9212796295076,0.9897455990942248,3.208316899077749,0,0,0,0,M039,2.88,battery
86.5,1,24.808621380732593,12.322966262084922,0.936726940325001,15,1.0473981386049467,0.9488461064669442,492.73349768255474,0.07594891240906494,2.7566514958246637,1230.232378038288,1189.6620176629212,1196.7853499685893,1233.8437695409173,3.9125537774799657,2.047451794891182,0,0,0,0,M039,2.88,battery
86.60000000000001,1,24.74472776304871,7.807256582380193,0.9366948213388553,16,1.0116245706941214,1.2004093167938685,523.9251599829499,0.2837468378278973,2.795840201641953,1191.3905189054667,1193.9155393337144,1175.6847223188845,1227.0597527215205,4.461081853592794,2.6066477514168223,0,0,0,0,M039,2.88,battery
86.7,1,24.53711713707652,7.150639374319816,0.9366636106337599,17,1.067729346684345,0.9084982638165597,489.7779760433837,0.14467073319226412,2.4956550493235,1165.4233330732857,1169.889258841126,1212.1021012984525,1224.3898887395778,1.930927694185446,4.282829631655187,0,0,0,0,M039,2.88,battery
86.80000000000001,1,24.825241235508763,5.094258916143347,0.936631231906224,15,0.9111594046772626,0.39224190174305407,474.761450375849,0.09961493293039204,2.2746212052956984,1216.5620984975048,1258.698692916844,1204.9505467318286,1236.932061062958,1.537949621736022,5.291394768786238,0,0,0,0,M039,2.88,battery
86.9,1,24.852300503000144,12.526574541690758,0.9366004888565194,15,1.143564111992355,0.6494499423455229,518.6214630014691,0.0957657737406643,2.550571468075223,1181.7868231956206,1185.8197840528144,1159.9741244862435,1189.7971542182536,5.919661669596382,2.3771055275463295,0,0,0,0,M039,2.88,battery
87.0,1,24.628175173329666,11.061841362743628,0.9365640487640436,17,1.0323401180430352,0.48850419197730743,508.77597302781317,0.1889620246172749,2.773667398190836,1231.2809409335587,1194.9836343155357,1161.409102470886,1178.7909982187334,7.650470472231796,2.6090699610673953,0,0,0,0,M039,2.88,battery
87.10000000000001,1,24.671857272936876,-0.4533545588641239,0.9365313768960629,16,1.1089018695305652,0.7591833296166188,473.1238782510613,0.009899118814742012,2.572901739319344,1228.1758517247138,1162.4947237751242,1211.5722526244483,1178.733211244033,2.6076230239898797,5.484174466991346,0,0,0,0,M039,2.88,battery
87.2,1,24.681514627156584,3.2969423376890514,0.9364990405262279,17,1.1620050843270433,0.3814027787669595,481.9842405976975,0.22578094076130972,2.539664383015834,1161.518434907631,1195.6635613488945,1191.64294824115,1155.5178595306256,3.42598616696862,2.1508892700517,0,0,0,0,M039,2.88,battery
87.30000000000001,1,24.94219016838331,6.276036209480853,0.936471643151773,15,1.0303505864557343,0.6937805391821552,501.49489450593103,0.07980676063211059,2.616659469906888,1175.6006155768184,1205.6552689067764,1223.7183172620316,1201.8365544197034,3.027316062226026,1.3132693388461225,0,0,0,0,M039,2.88,battery
87.4,1,24.859818421273545,8.020518346906433,0.9364480124241575,16,0.8913128704867204,1.1278500349590708,466.92184527134725,0.11065155301844533,2.5014676774570574,1188.6057422017213,1198.228025757074,1165.2433934734456,1205.1217694498166,2.9077925342442965,6.005667978348256,0,0,0,0,M039,2.88,battery
87.5,1,24.753976576568807,4.785868977331571,0.9364170552810346,15,1.0362130374490515,0.49546838789762204,505.696776716065,0.21489900986044058,2.6285389623176822,1163.1969698218138,1213.7179364038564,1230.9842494765023,1201.8786902708239,5.634800155692883,3.8565807055433488,0,0,0,0,M039,2.88,battery
87.60000000000001,1,24.803547216913454,12.405267826771093,0.9363769375882559,15,0.870191409495039,0.956799814782417,475.78659232910513,0.09859109774954712,2.957022127661873,1204.3441908094699,1203.3065108849778,1196.4453088188104,1194.7868456585393,1.5488704600751912,2.1758281946579308,0,0,0,0,M039,2.88,battery
87.7,1,24.889001413875015,2.3052632663971275,0.9363512826850588,16,1.1336370750815838,1.5149110232280831,534.3001650368391,0.06358123980121055,3.70186943432533,1188.783397637664,1208.4432529125304,1193.7924799555556,1179.9536698765965,2.0519275838417212,3.8904627449721185,0,0,0,0,M039,2.88,battery
87.80000000000001,1,24.67547897349197,8.489442950556244,0.9363184108549871,17,1.1080728678396528,0.7228213563983009,510.46751333672404,0.15723734879336665,4.113806897045919,1155.6350489820302,1184.0089230373999,1166.9510381049051,1178.973718249549,5.672864240622605,3.5905598110597587,0,0,0,0,M039,2.88,battery
87.9,1,24.673955260608714,12.35889651515169,0.9362880994387955,17,0.9391854802334726,0.8784681125718297,466.68099260240797,0.02664124818796053,4.208401669570446,1163.1354135734339,1173.16381232507,1202.272822238459,1222.3596490236512,5.360784512402344,1.8655606528428244,0,0,0,0,M039,2.88,battery
88.0,1,24.82346700541242,10.19880466541681,0.9362547591347049,17,0.8933329112498619,0.21780596141777042,493.3974389685994,0.09752283377809193,5.0967720366264535,1185.9730077750914,1205.8590998060406,1214.7318317332697,1243.1015901265025,3.7375605560963017,3.0786332943768517,0,0,0,0,M039,2.88,battery
88.10000000000001,1,24.918595601095827,10.163905468342737,0.9362286182577869,15,1.1376237380899186,0.647689392425516,521.3536454166972,0.06341637178183614,5.095588424769561,1242.5869885846691,1186.6713529621986,1197.180046114862,1176.6291599156193,1.7207170834765053,2.2303023709475873,0,0,0,0,M039,2.88,battery
88.2,1,24.658568737071427,8.270979429733888,0.9361977142570344,15,1.0819247864302324,1.3437069981684275,493.4404922968751,0.1576937353502427,5.224314745628611,1180.752421420925,1207.5209672363555,1186.8095364704582,1204.8705550463078,4.9315655607465585,5.01291867843488,0,0,0,0,M039,2.88,battery
88.30000000000001,1,24.818504249202682,10.58476476253251,0.9361679040455955,15,1.1274439956960833,1.2599193928349652,503.71361915576017,0.27829808256577193,5.034178061601164,1232.7193276505554,1206.6413510004509,1237.4986244443821,1196.6038050379786,3.56414178900611,3.380794728035851,0,0,0,0,M039,2.88,battery
88.4,1,24.840599571463216,10.509652899466738,0.9361366725953073,17,0.9221634506552968,0.6097720537534965,522.4023933373882,0.19293545285713687,4.870451460400494,1183.9344813092393,1167.75252033844,1194.556604899819,1189.2443737779472,2.3143658361424055,1.7358416670719512,0,0,0,0,M039,2.88,battery
88.5,1,24.507579183302383,7.486742961002173,0.9361016285972703,15,0.8984218555035638,0.3866961127719064,504.6417090578584,0.06872040170529169,4.644810026620442,1168.5450186747744,1192.9294031310383,1232.4013637325572,1216.809568335825,1.6632780373524476,4.341622193225482,0,0,0,0,M039,2.88,battery
88.60000000000001,1,24.783161063129132,10.633397251389427,0.9360745446766778,15,0.9967016026430304,0.47812536365075187,534.5338981335464,0.05060113810948279,4.617016064970502,1182.3108381648904,1201.8457686532438,1184.8600573541144,1169.8207061056569,2.872026521743985,3.577324166568039,0,0,0,0,M039,2.88,battery
88.7,1,24.610742928433787,8.499564304090814,0.9360428302163216,16,0.8881105172198989,0.6242753082753849,515.8060963101015,0.1784530909611869,4.344771738450464,1166.9266722184557,1240.645089208289,1180.572081544,1195.8197847277345,5.783235186569541,2.608565171373569,0,0,0,0,M039,2.88,battery
88.80000000000001,1,24.91184448943598,7.587356145065417,0.9360064775330135,15,1.0094543737225523,0.4055091755313884,462.57258990962856,0.07155256129328319,4.316541304880067,1192.420531033919,1224.448014514621,1186.033467896742,1202.2141064779423,3.0440127815733478,4.721309277768919,0,0,0,0,M039,2.88,battery
88.9,1,24.851091034676966,11.76675482146225,0.9359731464035658,16,0.9447535892334732,0.967151161947719,490.8171617575262,0.1707207582860243,4.119285954164122,1147.285769047144,1196.0174790489268,1200.5324651955298,1232.7916811081507,6.85292840071867,5.281770976777924,0,0,0,0,M039,2.88,battery
89.0,1,24.713385704942187,4.1040365209318805,0.93594648865669,16,1.0089000279224625,0.5607723997662845,492.485087576433,0.21248392766869556,4.031256010593831,1198.5525551876444,1175.529440129647,1193.1881577403412,1184.9596649623118,1.6874851124471761,3.814434971879729,0,0,0,0,M039,2.88,battery
89.10000000000001,1,24.951130982377805,4.580613745658209,0.9359175536070018,16,1.3387852841425598,0.8462099483409057,478.2873925526609,0.17844454425776948,4.4112476432532395,1200.9885876977737,1195.6821686127128,1205.338538616529,1231.611080784598,1.625614110698907,7.014292817492738,0,0,0,0,M039,2.88,battery
89.2,1,24.696734160199515,11.039549229177442,0.9358838358360713,16,0.9140368474594218,0.6476687116110547,526.8204700419946,0.08548360687113493,4.433423061394014,1208.9560286491533,1177.4249659773882,1202.1775760903824,1195.201702022892,1.9978830115566488,4.432923248875653,0,0,0,0,M039,2.88,battery
89.30000000000001,1,24.727093895382755,11.855773481627729,0.9358584928830153,16,1.1595012623011114,0.22114254297131478,498.59337451592955,0.10635793965429846,3.772053997136895,1203.4182666784227,1181.6930906464393,1199.1274684755736,1155.1639127586018,0.6083977959742696,3.6735964032687187,0,0,0,0,M039,2.88,battery
89.4,1,24.612238034892016,6.75483664901084,0.9358187217159206,16,0.8632455000301948,1.0712044873898359,514.5243273639749,0.1652374886431519,4.062242334368002,1203.948172616338,1178.0380221558853,1177.2571339971475,1168.1047251757695,1.7179214478645985,3.350738903341313,0,0,0,0,M039,2.88,battery
89.5,1,24.934406091559673,2.634040274804999,0.9357944193083689,17,1.1329766137219868,1.3784938101331647,485.3747219940006,0.025093661950013137,4.026783228967668,1233.236806847639,1212.8946047577533,1218.1803379357275,1211.7791564889726,2.600397010390192,4.5043036162560615,0,0,0,0,M039,2.88,battery
89.60000000000001,1,24.682562079629424,7.283603171510696,0.9357629859326652,16,1.0506783515736828,0.6247918441473024,506.9305318452087,0.17245603220239528,4.386547123494328,1227.1770593406136,1186.3499585087068,1189.382129826242,1213.315519868523,3.5109262743503082,6.5621469417564695,0,0,0,0,M039,2.88,battery
89.7,1,24.82930728904878,11.532154557108806,0.9357276472499375,17,0.8653341235865905,0.6458749767526059,494.10066177492996,0.07976647887107924,3.8821793632146617,1208.1790686311806,1206.0863101631733,1196.614714395393,1225.469735060821,5.68709084540081,4.3093183010057174,0,0,0,0,M039,2.88,battery
89.80000000000001,1,24.77073647068037,11.689012163344964,0.9357003208972483,16,0.9810469056577942,0.6589952330855086,491.3545124468387,0.1305400128690503,3.948621676754947,1164.4130503083493,1169.607871033125,1242.5605085093273,1203.3042644794152,1.801065609510101,4.576060810282267,0,0,0,0,M039,2.88,battery
89.9,1,24.695584681361353,7.1701822663188945,0.9356690857040687,15,0.9601504546986299,0.6911083213801605,485.9725599528432,0.048898180132867335,3.9912398202525776,1226.7890537644587,1197.8049832041627,1181.2467881411892,1178.7689120704647,6.721265718708455,3.9992565893461287,0,0,0,0,M039,2.88,battery
90.0,1,24.754850079591748,8.26758099719861,0.9356383750831246,15,1.0839904783978442,1.0953159549693428,528.2908135093863,0.038072936511458474,4.143622178116314,1214.4278148987999,1152.7865584658034,1224.7162008710836,1188.472296720498,2.3694093177687225,4.18426831029622,0,0,0,0,M039,2.88,battery
90.10000000000001,1,24.88907583278762,9.501568717784131,0.9356129710910512,15,0.9215075424443159,1.6644835096435704,488.156518659467,0.1664377284344305,3.536856087382882,1178.1343667973222,1176.0088552087238,1214.3760120328081,1212.4268669309697,5.631246624871853,4.060462744235843,0,0,0,0,M039,2.88,battery
90.2,1,24.57762026493711,7.356881608528607,0.935579752837549,15,0.9147805830124075,1.227779272759552,495.6919783971458,0.09068282502632263,3.6996129196754124,1206.7403149689976,1202.8325444921848,1222.7387299681259,1198.5792776195808,1.9175782928549805,3.5382182451128754,0,0,0,0,M039,2.88,battery
90.30000000000001,1,24.649043511062022,9.787996825969765,0.9355479341638449,17,0.9165918621953646,0.8211181020005243,490.80125085226865,0.15850791550891707,3.366008745193831,1206.5195115263934,1209.687346654795,1222.5682786636119,1230.4668673647338,6.24897329916775,5.013341964135439,0,0,0,0,M039,2.88,battery
90.4,1,24.693804794705624,8.723102854133277,0.935515254350676,17,1.4000673686678389,0.30210389659712417,454.93264189162386,0.07768143988971656,3.7253797892479508,1193.5236908232966,1224.3442987060039,1201.2305286831677,1218.1259510537975,0.9404958018587705,2.9855513142181334,0,0,0,0,M039,2.88,battery
90.5,1,24.791130091885265,10.308933563757751,0.9354808728323624,17,0.9612471623303489,0.8791307783620246,519.6359801510765,0.29396760088625923,3.908236719675542,1162.5215187610763,1233.6186691279113,1166.4053624993053,1229.8682484175736,1.3599788393792498,4.446607433990538,0,0,0,0,M039,2.88,battery
90.60000000000001,1,24.861035424412048,12.931481806600054,0.93545319189916,16,0.9504072332813107,1.3191748402822296,483.65370421196985,0.07382943373891193,3.764698931975993,1181.2722841300954,1239.7139053931971,1196.0274745872232,1186.4688066711726,1.828677942532929,3.298033307952494,0,0,0,0,M039,2.88,battery
90.7,1,24.78454873150589,9.905823089599998,0.9354257516436913,15,1.021097651405702,0.8814803496880972,505.61460911297326,0.1036407121412014,3.8381857152018517,1218.6804642579807,1211.5039643610037,1184.505058204019,1240.70641412536,3.3830241265804437,1.9971770933830384,0,0,0,0,M039,2.88,battery
90.80000000000001,1,24.82178194174381,4.415101569898841,0.9354008502617963,16,1.033299702841976,1.0516563885590084,518.8931331136055,0.3738408981150009,3.2499153246902965,1242.2661744527154,1159.1459916070062,1196.7497011770572,1205.1075709842826,3.1375071688751337,3.2273745804532483,0,0,0,0,M039,2.88,battery
90.9,1,24.64600837046632,10.028933205368649,0.9353698276205532,15,0.912180539560816,1.0631408715374766,471.91035484001713,0.16232206033909072,3.176686935407621,1195.0184968522633,1226.2964511757841,1182.533217326065,1134.1158913404997,0.5153126312357936,4.338148883443054,0,0,0,0,M039,2.88,battery
91.0,1,24.803578970880324,8.988186734789855,0.9353402270228401,15,0.9373084455755794,0.5416970132480604,522.262802912123,0.15205252880917375,3.127687816704314,1210.7193840597797,1231.5705047718645,1243.6685538606382,1188.1712377130848,0.8736505003849679,3.1963088573478586,0,0,0,0,M039,2.88,battery
91.10000000000001,1,24.836894967782765,4.799966370732594,0.935313274253172,17,0.8985874311091242,0.7684854586849565,503.49235117140415,0.16237704307422254,2.764965301779315,1128.8119438143306,1204.2088516797346,1234.9372033303307,1230.297250500855,5.221947342314964,1.9512047757590079,0,0,0,0,M039,2.88,battery
91.2,1,24.781632320261668,10.057023939644004,0.9352784742207766,15,0.818285689372589,0.30145219143866936,490.9184592511553,0.1688002258791178,2.4258942874853133,1171.8477816353707,1180.4534891364965,1200.65095075821,1209.3252974564252,7.803904089820953,3.2444880750996576,0,0,0,0,M039,2.88,battery
91.30000000000001,1,24.64056745840701,6.920712279595344,0.9352470319621284,16,0.9594572120752889,1.0976923731223134,519.5457949880455,0.16090291696833944,2.654085348127359,1217.039501663377,1206.6146341713309,1185.9025450985862,1172.7113825023741,1.9371027189554786,3.2576467759048775,0,0,0,0,M039,2.88,battery
91.4,1,24.66054790666488,14.70978891272602,0.9352119729068764,15,1.2509782993775622,0.5263436828526742,521.1772994552288,0.2243371368838416,2.9891849299443454,1204.3308799412546,1179.496654592209,1191.1995348360338,1252.9025309233255,2.943929790818748,2.6140995603995103,0,0,0,0,M039,2.88,battery
91.5,1,25.015219238149026,7.0354347193677205,0.9351832802953209,15,0.8589871296055609,0.7097660141222708,511.66146642917766,0.09790085926556422,3.0634532761563826,1217.8488935605696,1193.062885670455,1196.8910321559536,1186.9916114949397,2.514366103458301,3.4383055135480074,0,0,0,0,M039,2.88,battery
91.60000000000001,1,25.0422718320327,-4.792852405941806,0.9351626173552713,16,0.8467450051947123,0.49427959922137843,480.6489917939288,0.3299988748921145,3.102150167893917,1182.1802167947328,1204.4767953012226,1184.68406209012,1188.3781943367846,0.9767890525229486,2.449716281509087,0,0,0,0,M039,2.88,battery
91.7,1,24.853704340834064,1.533124250004854,0.9351385594777231,16,0.9328923066210107,0.8127257783749315,503.446138966236,0.1378826960881052,3.2135134409698605,1261.360167616807,1217.9902484978902,1166.0573684100048,1184.1371250991413,4.297635007691971,4.213604352395632,0,0,0,0,M039,2.88,battery
91.80000000000001,1,24.70761022710728,3.725386650867441,0.9351083950048272,15,1.1349869330914755,0.526140837331016,478.33038042296215,0.1068254298299695,3.1864439274031544,1158.2644936140057,1197.6393394615436,1192.2290486497427,1193.8402045494752,4.52751708142429,3.105763866512018,0,0,0,0,M039,2.88,battery
91.9,1,24.897396119893692,9.971453548598523,0.935075969076341,17,1.0422905060088137,0.26469512766497544,511.3865071218511,0.15370935512076883,3.653048063493926,1196.7155845662314,1267.6844348565414,1218.938175936701,1197.6979712159825,4.20353956867754,2.2649569436506,0,0,0,0,M039,2.88,battery
92.0,1,24.788076922771896,13.174052113225779,0.9350406566670763,16,0.9620064413673688,0.5816196035454426,510.1436337215462,0.24364036298368152,3.3047412148274287,1229.7624559454828,1187.3226124071368,1151.5294201912095,1140.8345502245938,3.934105123587317,2.9984162129499015,0,0,0,0,M039,2.88,battery
92.10000000000001,1,24.84034453453792,8.263899071192837,0.9350101883111783,17,0.9304161432839299,0.24815077578306438,496.1814300121593,0.29178747892108703,3.2668373796151053,1213.5220906633265,1190.2357266774825,1201.8229675353575,1218.1668837077107,4.409145095030895,4.747751692796081,0,0,0,0,M039,2.88,battery
92.2,1,24.731262733283128,7.720935378590632,0.9349728607570748,15,0.9534585422439622,0.8601529377812277,466.989182204455,0.03539361391420717,3.2805666654318246,1216.9522391687867,1169.9215518774624,1196.110062378501,1169.0429151252526,7.143914353320359,3.856915267708785,0,0,0,0,M039,2.88,battery
92.30000000000001,1,24.708143523493575,12.54451396375875,0.9349423940603043,15,1.0356379820603154,0.9490566304210002,504.4440109103313,0.2517174207752807,4.023138791093513,1213.088673439,1180.2236963611206,1164.0289127880246,1226.9239201786877,2.301755988413815,5.194259490382461,0,0,0,0,M039,2.88,battery
92.4,1,24.88476084772968,12.242118260412802,0.9349094012643513,15,0.9924333688389798,0.7763939372327042,523.3982735782345,0.07959714458785794,4.411092349257301,1171.0397980033479,1206.629641332241,1211.29739663726,1197.4088158920683,6.269409282774126,5.77105055207572,0,0,0,0,M039,2.88,battery
92.5,1,24.81465732658125,12.008615494131831,0.9348764139512691,15,0.9692447146651216,0.9093812333474609,488.95428287146075,0.1871302429502988,3.955790525407051,1207.9375605499577,1203.518689573566,1182.9801917602804,1224.0825806829503,1.884715612915015,4.259166048520173,0,0,0,0,M039,2.88,battery
92.60000000000001,1,24.788456627121125,2.121098191167743,0.9348512666195666,16,1.0543790214467348,0.1662012218372778,490.5271618715848,0.02470348068870313,4.342146082759912,1198.081650513917,1239.2168798524142,1237.0442430816775,1229.3565848144026,2.0381353261426334,2.3288458578493607,0,0,0,0,M039,2.88,battery
92.7,1,24.65072531394744,5.3118723087350395,0.9348144969927736,16,0.998474722779724,0.9722517464391173,490.878099323668,0.13863620942995078,4.0203018648053765,1185.980050681085,1244.5803858078782,1177.797507224262,1211.9516507982773,1.6180954174893247,4.1997236278697905,0,0,0,0,M039,2.88,battery
92.80000000000001,1,24.70665472376608,5.652126360957644,0.9347868062971975,17,1.0481054569705626,1.109033927866948,516.1747778223992,0.3975248066535216,4.157728749786682,1201.9700952463131,1224.0747115009663,1152.5184297385497,1205.16448406762,4.395117417001925,3.377358467730111,0,0,0,0,M039,2.88,battery
92.9,1,25.02336738463659,10.28895569026638,0.9347528745841422,15,1.0715301682264795,1.6887013745772288,498.15914240379954,0.030298571369658092,4.051084184575547,1196.747336150447,1208.6315375467268,1204.2401325341357,1177.496229842098,4.825027990823147,2.621113673804012,0,0,0,0,M039,2.88,battery
93.0,1,24.631305254092595,5.208338223062169,0.9347276190946894,17,0.9645890522592062,1.12718670545973,490.25824498369826,0.15369492064222529,3.8137668838604744,1236.398911304064,1190.840441196821,1226.290816563347,1185.3088907849635,2.515001923027955,3.5229842656118615,0,0,0,0,M039,2.88,battery
93.10000000000001,1,24.72743869813983,1.9180115240079454,0.9347041407687405,15,0.9489431368112078,0.7893683160214997,488.18121979744217,0.14998774065274034,4.031093676564068,1199.6230467424284,1182.3168700479089,1198.944126939684,1167.5825044837088,4.757401039726543,3.7820049367951922,0,0,0,0,M039,2.88,battery
93.2,1,24.703688487594015,9.36297666024191,0.9346651294308596,15,0.9120325307131347,0.14913128310683577,480.1333043160562,0.12676218915310322,4.353577287045111,1199.0200601451697,1206.4679226517617,1212.1348638655893,1225.3981607781602,3.080914028579914,3.526716200728221,0,0,0,0,M039,2.88,battery
93.30000000000001,1,24.824699073226494,3.2556300968525553,0.9346356487998438,17,0.8762675104435715,0.5649740484713923,507.84527221863317,0.12674398139371998,4.4201874896852305,1231.7739705445736,1205.5002926159327,1215.9494466959752,1172.1644771345218,2.9569046250225677,3.5454311462189527,0,0,0,0,M039,2.88,battery
93.4,1,24.695816881343994,9.084686145557423,0.9346047052762027,16,1.272348356302246,1.0298607145985033,481.6346185302597,0.06449806008816651,4.293818126448839,1239.7555218444638,1229.2697921969652,1184.420549900045,1180.5608429357662,2.7326940308845336,5.871678729161788,0,0,0,0,M039,2.88,battery
93.5,1,24.556885111049464,6.1584446176522905,0.9345660687327589,16,0.8794032462096422,0.688469754279043,501.14020577988407,0.12813667302118897,4.178708836284019,1196.0890164639927,1196.1070794075795,1184.619679018626,1228.863814086364,2.571658204863338,0.7569813538482544,0,0,0,0,M039,2.88,battery
93.60000000000001,1,24.84075191484097,9.77392199020108,0.9345382168619856,17,1.1215389914936669,1.174257631063092,477.85936319017213,0.186503239472736,3.6312956273421335,1197.222975488691,1194.3632668850814,1180.3212822337375,1178.59595912816,1.006918054425317,1.6170959247832635,0,0,0,0,M039,2.88,battery
93.7,1,24.79353549819873,12.46754652450707,0.9345084737354158,15,0.8277369020718195,1.7541786514541158,507.33436768101274,0.06473016716685367,3.9870144196518904,1178.8377599015018,1160.0217912018036,1189.8656056282923,1211.970428916564,2.1360528493469726,2.2733718430694996,0,0,0,0,M039,2.88,battery
93.80000000000001,1,24.71047288930325,8.40389064138467,0.9344726277229111,17,1.1980473545437085,0.2171950489122471,515.5147998750958,0.16545140301933536,4.01655996875922,1187.9949955989352,1203.1738293417595,1135.62232743273,1197.6645347715157,4.980826899138497,2.095528108493457,0,0,0,0,M039,2.88,battery
93.9,1,24.57008899525646,7.244002260368571,0.9344340727894627,17,0.9660181224415365,0.8825171534836818,452.5055742625354,0.13725712751693933,3.9556768339399233,1197.3423472281174,1165.9213111161148,1232.2428979659212,1223.2223591836816,4.931602146941375,2.1862374213005604,0,0,0,0,M039,2.88,battery
94.0,1,24.6905606345523,9.466333472428465,0.9344079703725954,15,0.8976608114349109,0.758897755520173,515.979105430221,0.34668523126262163,4.040226756093706,1232.8237635097764,1188.4395036578644,1217.1989714862127,1202.5965486253583,1.3648212004734217,2.572904600790324,0,0,0,0,M039,2.88,battery
94.10000000000001,1,24.82372689477538,12.074359504885308,0.9343756811457405,16,0.8902082687469032,0.09916693379319996,503.8094912096213,0.054495252855567375,3.4761964662641747,1202.0448227305271,1197.8090572268625,1144.6290382988866,1208.439388628258,2.2735294819690024,4.224292496974558,0,0,0,0,M039,2.88,battery
94.2,1,24.835945474570853,7.197718080570535,0.9343481446185214,17,1.0353373261754306,0.4145502400905695,500.0829233645585,0.13144729070400582,3.5468785770397666,1179.625321788283,1250.4602549481922,1213.2881109291309,1222.8550095248027,5.146818744627938,2.7482966546340304,0,0,0,0,M039,2.88,battery
94.30000000000001,1,24.58936123702888,7.180370320487437,0.9343157485098041,15,0.8894498164470495,0.4853272007798921,482.9152322139117,0.09587646031419728,3.637361727648271,1241.2991813805463,1232.8837939046382,1207.577699287025,1257.5144593653467,5.348857529181675,3.873938101874373,0,0,0,0,M039,2.88,battery
94.4,1,24.841116123175734,11.71339459570388,0.9342797757631225,17,0.9880661121252584,0.5499832246312455,498.95178700747243,0.11260659589207506,3.682041335949184,1220.1919983776725,1191.8212379331037,1233.219979243043,1213.7663484390123,2.8537493957791953,2.005228297846676,0,0,0,0,M039,2.88,battery
94.5,1,24.70487192525813,7.707500396981447,0.9342449908673557,17,1.0198295145542269,0.2771707027619725,482.31638090494425,0.13785567798437187,3.8919785961748414,1178.7588407228511,1188.7148073199903,1218.67402726954,1195.46233893605,4.075836782156034,3.8185707446774093,0,0,0,0,M039,2.88,battery
94.60000000000001,1,24.847000974322924,11.30150372197106,0.9342129734979259,17,0.8452672568189876,0.5962490829984843,499.9605526550181,0.041369765765777854,4.034734907727064,1181.3741524408101,1223.496838664478,1224.869795107175,1179.787079530149,0.9815459146603351,3.471497643726659,0,0,0,0,M039,2.88,battery
94.7,1,24.66881375127963,10.077229228608171,0.934173329373354,17,0.9812455064735162,2.067818796421899,513.6649029872851,0.09748051048759324,3.958135807080363,1218.1602609077013,1168.3031244085103,1167.394322193485,1204.7336456944392,3.0162765837209577,4.863602744882202,0,0,0,0,M039,2.88,battery
94.80000000000001,1,24.845463851867397,8.116364757180667,0.9341398089912841,17,0.9566093332541779,0.6047436787904602,496.98227196027534,0.19662107013764302,4.555128199214533,1208.3914925683362,1211.5162591772278,1230.8344245048106,1160.874726030437,1.9630831912787503,5.510583508277568,0,0,0,0,M039,2.88,battery
94.9,1,25.074330370730255,9.232557213490816,0.9341158053709339,17,0.8294467131922886,0.5133982286726597,472.99922441681144,0.0243608145976542,4.481247727863329,1187.9083222516895,1192.1610367307883,1190.4959466512694,1200.657240236804,7.1276842572538595,3.2611178690225264,0,0,0,0,M039,2.88,battery
95.0,1,24.60017468556587,10.239713049458816,0.9340914232459511,17,1.0356563715153602,0.6730165160727849,506.97506039562484,0.12464691644850664,4.614998139571279,1178.5337553297568,1212.3616416015889,1184.065778265942,1205.7895640349132,3.7783904710633305,3.62261892671199,0,0,0,0,M039,2.88,battery
95.10000000000001,1,24.85502062580586,11.921963754694973,0.9340590494918305,17,1.2620723374503802,0.33749107630192315,501.6641133299641,0.17475162825152402,4.836344075245511,1190.3208173024814,1169.143404588105,1224.9771713811047,1229.2046554911046,3.2042827964203644,4.6992404341475265,0,0,0,0,M039,2.88,battery
95.2,1,24.75808121921369,6.349360072899232,0.9340334447540724,17,0.9272750869847369,1.6909065256936178,469.97121349849056,0.09574093136123485,5.295942522718109,1216.4407078936504,1178.6199275766087,1153.4553995394017,1208.0100387029286,1.6360642753141703,4.561386248203496,0,0,0,0,M039,2.88,battery
95.30000000000001,1,24.914183882666084,8.675290237428165,0.9340009168907657,16,0.8564874670429423,0.9915552753809634,495.944342630235,0.0061157730800439035,5.152666097007529,1198.9592838353092,1218.5973361392685,1161.3579047283952,1162.415827884239,6.861818288210843,2.447901728059551,0,0,0,0,M039,2.88,battery
95.4,1,24.53257563321526,7.501794611109316,0.9339762963382202,15,1.0135574221887922,1.541335434638583,520.0101873830338,0.1555354561065746,4.87225589867966,1221.8473804168807,1191.391546214342,1206.7480004372046,1219.7452736564987,1.5969096213276006,2.815887063885029,0,0,0,0,M039,2.88,battery
95.5,1,24.63765627103589,6.756592459714284,0.9339473538570259,17,0.935140501346934,1.1312499959055795,494.4392818424269,0.21086541639653472,5.041374532700711,1193.1525658425765,1167.1937198426513,1190.9103001562867,1202.938983465308,0.7186153345423014,3.9065571815212126,0,0,0,0,M039,2.88,battery
95.60000000000001,1,24.85341713396219,10.964762056646501,0.9339140162989468,15,0.9636323017469698,0.4428417859582782,467.0679681213509,0.14691365115661162,4.852912416745174,1210.8721600995927,1225.718407051507,1170.5850489743555,1225.4558475129054,3.7141560710527255,2.7981438934704483,0,0,0,0,M039,2.88,battery
95.7,1,24.734791353937567,7.45396850039982,0.9338847261052086,16,1.1250163511125904,2.486290960092619,493.94320338354834,0.14543440439120053,5.214147830626733,1193.6089696150198,1181.616154417063,1191.7068748211666,1201.134466655188,5.472067712403553,2.847754547179928,0,0,0,0,M039,2.88,battery
95.80000000000001,1,24.942361841858524,10.078859552030071,0.9338566810062932,17,0.9680583013639908,1.0476225491247961,522.6655650288222,0.14283569268021626,5.378601904074235,1158.8265524468843,1188.1372801159116,1180.7666941708003,1196.5492465565317,4.870371191423177,2.917664376797852,0,0,0,0,M039,2.88,battery
95.9,1,24.56593173842058,8.119869780756963,0.9338233373135223,16,0.9509370002263038,0.6904451929430823,489.75047234459197,0.16264640837029978,5.276706208741416,1165.067275429775,1204.451333423803,1177.3102696394499,1198.6247454664544,2.068968240582879,2.3819580042300297,0,0,0,0,M039,2.88,battery
96.0,1,24.830262737884482,10.578217073941651,0.9337906566159515,16,1.1778612558563128,0.3179589734950641,501.6450065499764,0.13368743996507995,5.105169879844898,1214.1181865158524,1198.3749575438674,1208.087884821744,1194.7967388882375,0.8952728360443871,4.141298091045544,0,0,0,0,M039,2.88,battery
96.10000000000001,1,24.97825149478494,8.77241102587212,0.9337637273197228,15,0.8931121481393657,0.7352175312473868,527.8825331195476,0.13333726200431611,5.727393043984404,1234.7871853937197,1204.0885055852016,1213.5555363231908,1185.5744925633296,3.4261491899901584,1.6977614296640964,0,0,0,0,M039,2.88,battery
96.2,1,24.81304133105742,8.873328340308326,0.9337359735942179,17,0.8152506575883762,0.5073943043337863,503.6237526976101,0.03621840819839907,5.563571002994698,1196.2119947058038,1186.4468075506732,1217.561329557182,1221.189484786649,5.211697732942765,7.6358422985367636,0,0,0,0,M039,2.88,battery
96.30000000000001,1,24.734196728908838,8.19504631590838,0.9337044285254249,15,0.9034288761319333,1.362587774182913,514.3056956698172,0.12551840514619733,5.62408161593882,1177.3393434009695,1213.1956524250268,1224.2779899479851,1196.8661546294109,1.9993643547325943,3.4648133523610802,0,0,0,0,M039,2.88,battery
96.4,1,24.59330399140654,3.9070436292008948,0.9336736430232688,15,1.0162789778131731,0.536806443490281,510.2897411308872,0.08723079048220313,5.590958805344767,1234.4710148913523,1206.6610885460493,1173.4589215349774,1139.4412922296592,4.915196690722326,4.219842957046509,0,0,0,0,M039,2.88,battery
96.5,1,24.836957676010694,5.3954510734482755,0.9336382780251532,15,1.1390902323313965,0.4849374694241979,483.96914655037176,0.1471604782033233,5.845831637044103,1221.3693369804155,1140.9348015081703,1222.349188813245,1191.2978109871065,3.8882784098337133,3.416370901270642,0,0,0,0,M039,2.88,battery
96.60000000000001,1,24.553537592364535,10.640847867522153,0.9336068091694527,17,0.8944111027721455,0.511793051946871,524.4423351686239,0.11064547496487344,5.7122297513537035,1178.6594949624557,1192.417576437609,1209.4975369369968,1150.3362506209028,3.2329913517520845,1.3080956997280158,0,0,0,0,M039,2.88,battery
96.7,1,24.547544818477924,6.396900390616816,0.9335779608172999,17,1.2390847874740794,0.01968814554303713,491.55346330874414,0.027741490124928686,5.968545864830054,1195.6804591224836,1192.7385237815554,1167.0934481224053,1210.102932832643,2.106317485999338,2.9246400783183595,0,0,0,0,M039,2.88,battery
96.80000000000001,1,24.84319702022361,10.811331035537595,0.9335491828954193,15,0.9724412721831888,0.6367512005247917,504.4128231804168,0.062124843886153636,5.405662675253294,1167.8981839786834,1239.31859618151,1223.8961482332543,1203.11117527032,3.341718030596435,3.2361494558343895,0,0,0,0,M039,2.88,battery
96.9,1,24.791348777551917,6.812900740025988,0.9335163813422317,16,0.8611839094796536,0.2830999251869643,506.6329156885371,0.04159412528798088,5.547754736539728,1217.8272645536451,1182.0027064078106,1212.9313149976758,1172.9731766809894,5.3144400757576005,2.437256906831559,0,0,0,0,M039,2.88,battery
97.0,1,24.617008461706472,8.182323608348689,0.9334816814353233,17,0.8510804168263184,0.9043832748791001,502.12047794370625,0.06421203836940027,6.1057053594312105,1183.1814436032319,1178.963386900712,1176.0487739979867,1170.325370649205,1.8414583161267637,2.6538307975176316,0,0,0,0,M039,2.88,battery
97.10000000000001,1,24.834073745328155,9.988945233585689,0.9334522326503337,17,0.8996439173310204,0.05092693822577769,509.13545251838764,0.0053560670785684425,6.4464643590249455,1164.0632497209192,1184.675636239665,1171.029141754961,1177.0659553118396,5.565165339130574,3.5682264303499798,0,0,0,0,M039,2.88,battery
97.2,1,24.67741744399028,6.456672317973172,0.9334225918106277,16,1.2431562374189715,0.61451140844228,514.9315303694776,0.02131547964461837,6.671849396670751,1171.9577983798413,1193.8503673275766,1209.1114825037957,1200.6500577129461,0.7203908754536021,2.81658650673507,0,0,0,0,M039,2.88,battery
97.30000000000001,1,24.594326335853744,13.154442834518441,0.9333909472259636,17,0.9926962723726064,0.6065635572347335,494.7331275608499,0.09422141518810281,6.978125276021536,1217.3815452567776,1215.383611781659,1227.689890158276,1216.1772828912801,3.516086330555218,2.2252217359654702,0,0,0,0,M039,2.88,battery
97.4,1,24.911262382003425,5.74149745785115,0.9333536653343215,16,0.9537451252765808,1.1495948861381375,504.57358276943995,0.14942558400076267,6.614673965726494,1205.7977338303065,1228.7955949495076,1169.3865519317753,1221.5896716355278,8.009262507289195,1.9907299111478123,0,0,0,0,M039,2.88,battery
97.5,1,24.707443938884918,6.285596156250112,0.9333153162652139,15,0.8420619998320663,0.7756676578577372,493.11140559797025,0.0606443539576596,6.932005614843797,1210.1627947618174,1266.2185238538677,1157.5552681241284,1194.7999345762241,2.100841425133693,3.483945505567781,0,0,0,0,M039,2.88,battery
97.60000000000001,1,24.726030159177807,11.211513324198659,0.9332860943682553,15,0.9534634966944099,1.0508338590811168,489.6287259857203,0.16262958172424535,6.527604802426864,1207.8625076565306,1190.0992199797615,1190.4284291832344,1210.6419390148524,1.7123470648437014,1.9519791245595481,0,0,0,0,M039,2.88,battery
97.7,1,24.752012618702068,10.397620336231231,0.9332514379917244,17,0.9003059067215421,0.9639114194589391,497.43552995239054,0.06992640252262106,6.2664075260600205,1170.7624355973069,1212.6806228343185,1199.5612469062062,1196.423738194771,4.4058489086366315,2.850250402145632,0,0,0,0,M039,2.88,battery
97.80000000000001,1,25.029569814771634,10.178827208749667,0.9332193867254204,15,0.939409017516041,0.8877782160560697,479.5841635255181,0.06126982012320824,6.318232096106025,1197.9619420705826,1181.3283734672664,1208.2304902220312,1212.6640864617675,2.7014665004079914,4.226461815602381,0,0,0,0,M039,2.88,battery
97.9,1,24.89774800017629,8.208924755560565,0.9331858815285144,17,0.9984808672351378,0.834578520294629,483.27245252833126,0.1090458530963812,6.618205482494175,1143.0030905125054,1216.9415098810068,1197.0558764482864,1225.437207087855,2.3263001467060938,2.914076255175576,0,0,0,0,M039,2.88,battery
98.0,1,24.805066745698635,13.366614597464238,0.9331560679349146,17,0.971585747483348,1.1877720533509477,494.5408064246967,0.1744919231157216,6.688440711103519,1170.591116299879,1226.1763875231727,1180.7970089975818,1179.2143237893918,3.9927870807507455,4.355159682220397,0,0,0,0,M039,2.88,battery
98.10000000000001,1,24.973840782985036,14.445752771343516,0.9331182760387031,16,0.9259750695601321,1.173883887480559,488.17442875188397,0.264716208103437,6.726166253227141,1188.8241057212608,1181.327226023005,1203.945813496232,1183.0840298091534,1.8410692848376553,3.8809265606776155,0,0,0,0,M039,2.88,battery
98.2,1,24.85324668688941,11.816413548423387,0.933080784256198,15,0.9616042386353231,0.48565639494570145,494.0313268178032,0.12537363214081493,6.449820466830663,1192.262046669963,1188.730050675621,1213.033499363384,1197.232869887806,2.2010035549529317,4.327933743023058,0,0,0,0,M039,2.88,battery
98.30000000000001,1,24.927999227489046,15.077447917671808,0.9330512949702754,16,1.2441913558647082,0.4428825531789135,487.10369447565097,0.16073285834646533,6.3077149835468935,1209.8796367830948,1188.6010337641394,1201.0883375165022,1206.7311350915045,3.6541042148188607,1.410692003447493,0,0,0,0,M039,2.88,battery
98.4,1,24.667262052684197,8.11648548345028,0.9330167720579452,15,0.9755845304143919,1.3797454739332593,496.95115162926356,0.18494362748204068,5.917320026190838,1189.5950630923,1192.8355333262518,1215.6870183096944,1185.8339139785912,2.1614294197248785,3.396963929174226,0,0,0,0,M039,2.88,battery
98.5,1,24.503438207005445,14.419833568238628,0.9329825589986581,16,0.9040623887945745,0.4526247669066309,481.6524970858146,0.09847358355092634,6.154253745894737,1197.8465596945944,1187.4185361167613,1133.332660458807,1219.876946678289,3.28904828651603,3.5757725872447166,0,0,0,0,M039,2.88,battery
98.60000000000001,1,24.766566836161605,16.005488606191076,0.9329467077505162,16,1.0801469245924684,0.8182229052245699,489.2597693375254,0.08538067942773754,6.399131533720918,1218.0064708070995,1175.2924907429172,1215.5472659261804,1150.7396928487217,2.2900409188500395,4.70921206567339,0,0,0,0,M039,2.88,battery
98.7,1,24.855621030595955,5.33802949416146,0.9329176471525961,17,0.9364180481458948,0.4943358788910698,502.05749194649366,0.0950657666502006,6.0836059893598184,1185.5101038051068,1197.1898431371496,1201.784689634689,1182.7694849086106,2.528055778269727,2.3571139612143606,0,0,0,0,M039,2.88,battery
98.80000000000001,1,24.851497405578904,4.497035889283453,0.932884251028346,15,0.9647208397828451,0.647699781346941,497.2675863786849,0.03134237218311405,6.472964207877417,1194.192367154101,1146.4129024526928,1218.890329801463,1174.7518709739807,5.134804726789277,3.025667201600452,0,0,0,0,M039,2.88,battery
98.9,1,24.829316653122056,4.415963534247676,0.9328547880797528,16,0.9354688045067647,1.2050865681298104,494.56213364575785,0.058173702071932315,6.944947916939165,1195.3334607616393,1211.4556138171358,1207.0982376303339,1176.6835800656133,3.308082191766155,5.059982654553183,0,0,0,0,M039,2.88,battery
99.0,1,24.762799076273726,8.632096632684718,0.9328194460515238,15,0.9426895320187498,0.3080181633897062,522.3556905440374,0.14792813070077676,7.031548545556534,1230.6466834200332,1196.3400221405495,1191.3794209368768,1222.9556375804802,2.719926055543964,3.600227974625051,0,0,0,0,M039,2.88,battery
99.10000000000001,1,24.710567645699285,10.109743731428393,0.932789759836483,15,0.8931018928305208,0.14096710811259247,510.83235572459023,0.024907095842430706,7.0674724898638575,1229.1927075975923,1228.7616464508826,1224.7454446016288,1183.775139853675,1.0391108197936185,5.798420573841442,0,0,0,0,M039,2.88,battery
99.2,1,24.853626053317974,10.342606803271943,0.9327588969277156,16,1.18466454845259,0.7003584342384699,497.07426732490694,0.0267742258331533,7.049590099282976,1220.0720626280656,1181.2754396985988,1149.5275996945159,1186.5298365025267,5.215279463690353,3.7407036203962756,0,0,0,0,M039,2.88,battery
99.30000000000001,1,24.92945714572143,5.2155995488065425,0.9327340440898069,15,0.9691152348162844,1.2653361948996324,495.18354650133944,0.18937596881186536,7.5698006660899395,1195.0100722924897,1194.3745505128607,1177.73100728834,1197.0282717128869,1.5236651054934292,2.8582320876350287,0,0,0,0,M039,2.88,battery
99.4,1,24.707661310861024,16.9274291835795,0.9326982265342458,15,1.0343909329805436,0.07309882914189945,525.784816499838,0.016323187466133378,7.4672160844246935,1209.4760238000315,1172.5684000650733,1205.916525054506,1207.5895278528317,4.539562586395158,3.5572924146227187,0,0,0,0,M039,2.88,battery
99.5,1,24.830141843828983,9.427062708054159,0.9326739597818797,16,0.9189262775055645,1.4465413123739843,509.9807177381182,0.09178288213484033,7.753873698002612,1200.565926183798,1195.8258334851791,1152.59049646288,1230.8467623983763,4.778002777515725,3.457070455010163,0,0,0,0,M039,2.88,battery
99.60000000000001,1,24.896987028427116,7.688448887106885,0.9326445896810919,15,1.0893524876779437,1.0276977347251635,482.9785031021032,0.10402292757496942,7.447434424518889,1226.796500364115,1186.648368480366,1167.9822791422773,1191.6883374431075,2.6722179962707004,1.2568210361097407,0,0,0,0,M039,2.88,battery
99.7,1,24.793720726380716,10.379422926867834,0.9326175122454072,17,0.9610855059109522,1.1864731817783747,506.60946080314454,0.09326341455712443,7.365060001876274,1172.8381624667306,1274.8665253805132,1178.4140867404724,1222.0248316463903,2.496996357136564,2.014261152080647,0,0,0,0,M039,2.88,battery
99.80000000000001,1,24.693414097714275,10.707166335512728,0.9325912303106692,15,0.9682820666919162,0.7693533717495431,501.678511092318,0.06925529388545719,7.511798668368403,1193.5134437144281,1202.1289347448976,1194.5832170838976,1262.0007571570684,1.6221003994296175,2.5934380149189415,0,0,0,0,M039,2.88,battery
99.9,1,24.95908511714866,6.383517918682415,0.932556826297007,15,0.9680596854786301,0.8836493684668597,488.3571593388728,0.207896649041087,7.229244158390791,1137.5876008349542,1228.754332970269,1185.1213103929128,1193.6123475784232,0.555599540921856,5.244325997610937,0,0,0,0,M039,2.88,battery
100.0,1,24.635288545581524,1.7053084344504326,0.9325296270222962,16,1.1665860547594236,0.6102602501089142,467.2733567991867,0.4668342489598838,7.2366704546093725,1193.1950623776027,1227.1123148999295,1228.1645285985442,1211.1573137369292,3.5016138053465404,2.514855801204249,0,0,0,0,M039,2.88,battery
100.10000000000001,1,24.700583305353508,19.19467859911125,0.932501234191496,17,1.2468946621224866,0.16255367686052077,521.9505871685406,0.1982059194274323,7.055889514106745,1185.40001648139,1173.8783469551784,1206.8028344987515,1176.9987150648462,0.6620732669159164,2.7761377971534666,0,0,0,0,M039,2.88,battery
100.2,1,24.65572574834075,10.820224133448061,0.9324770153277123,16,0.9937806364200261,0.611163805698359,518.6741679513186,0.21881657411038757,7.244518462497956,1187.0943234540355,1203.3520959330272,1207.3875304723956,1205.436518531926,2.6192650430726623,2.1609372086011636,0,0,0,0,M039,2.88,battery
100.30000000000001,1,24.841875116811185,7.003437152563768,0.9324529740512305,16,0.8392453049232335,1.0621347730134023,503.3252355128174,0.16763258403582698,7.150307863477886,1212.481370029173,1164.133120173337,1154.8863210221298,1220.6014190914034,7.223839901845683,6.141354433248666,0,0,0,0,M039,2.88,battery
100.4,1,24.751278153016134,9.285779536289901,0.9324220914066215,16,1.0232062795392765,0.4916002228738058,536.1024460210061,0.18804411422249567,7.374213159053435,1221.691567915921,1174.6929611297248,1203.9930905783858,1173.0521575746147,1.3467691549647463,2.442890397785071,0,0,0,0,M039,2.88,battery
100.5,1,24.734875139817145,4.245878883564884,0.9323982137037158,15,0.8750707368705181,1.1138558490528916,482.59904973401336,0.1398347694847785,7.533216932630041,1197.4317225750415,1200.6264819367937,1215.615236643314,1184.0275528451348,4.152642235325996,4.32505467372302,0,0,0,0,M039,2.88,battery
100.60000000000001,1,24.87057817935281,9.739086022448019,0.9323656505864695,15,1.3119302825028036,0.5677612676966308,490.6048492145684,0.1714034783347011,8.142623186153923,1197.3545637309085,1211.045801755728,1196.5990044834623,1164.2883571282655,2.823561324894153,2.174584597647914,0,0,0,0,M039,2.88,battery
100.7,1,24.460755378800943,14.111482079094486,0.9323282337950428,15,1.1170110438365863,0.27309922927045893,503.43445175359915,0.055190548811339626,8.50461123744362,1238.8439903993792,1217.0051917428773,1241.6194373751616,1213.4254572655982,0.517593080911469,3.0068291137492666,0,0,0,0,M039,2.88,battery
100.80000000000001,1,24.720664213418857,8.826699686882566,0.9322965608494976,17,0.8930582052251937,0.7365052209294234,494.1641377801067,0.13140135507486442,8.532744643796795,1225.5522243313515,1245.270959342873,1177.8997068369977,1205.0055667438396,8.929599199856286,1.9240532689760472,0,0,0,0,M039,2.88,battery
100.9,1,24.757124213613153,14.568594003376827,0.9322636362981622,17,1.2630407159878316,1.5424682879537766,512.6644344704033,0.019165563617211855,8.350875941709843,1220.2837576932761,1208.139213711573,1195.310021765306,1158.594689939813,3.436949195938076,1.7103732161859866,0,0,0,0,M039,2.88,battery
101.0,1,24.759425104071628,7.177956819657404,0.9322363452863418,17,0.914646782955107,1.7351034150899176,503.3524764900827,0.10818430074672608,8.602691772731605,1200.4505186163235,1184.7248282683686,1193.5207226698417,1200.902496805887,1.8582080347121375,2.407282188469159,0,0,0,0,M039,2.88,battery
101.10000000000001,1,24.660082029376763,6.947685350130026,0.9322028902755667,15,0.9026541005255417,0.041313638754324034,459.36396122321787,0.05739548148553327,8.89021772807117,1229.3281827367007,1235.7157699349186,1196.731200092514,1211.3888147415998,6.183052650833158,2.0506210840750394,0,0,0,0,M039,2.88,battery
101.2,1,24.838552838988953,13.990585531313716,0.9321725762530555,17,0.9447614126582556,0.17022612636844683,540.6527468326652,0.08358695013521981,9.412839119210442,1207.0942173735332,1196.5040600513316,1195.60942930767,1216.6416911047775,3.0346069372718114,3.3023560309043805,0,0,0,0,M039,2.88,battery
101.30000000000001,1,24.665558802327983,8.403971679925002,0.932141457050879,15,1.056661381927137,1.0124564456535865,495.1082018537668,0.07675891152999742,9.55692543395851,1195.2081772702982,1206.3350260053928,1195.0181247896612,1248.2085354288242,4.2304532922651426,4.159461271313495,0,0,0,0,M039,2.88,battery
101.4,1,24.576239057849126,9.720814288011532,0.9321168500436762,15,1.13705071247076,0.491122063374988,520.8178210703373,0.0474790860785732,9.16041585577362,1214.597601723844,1183.2551402868166,1222.2034973551279,1213.3152012991977,0.9542450026723299,4.205118991867195,0,0,0,0,M039,2.88,battery
101.5,1,24.82086512906028,7.579582266299464,0.9320851376426369,17,0.9724417792568462,0.85508054828399,483.9071355595463,0.1560854433617809,9.664750652384974,1229.4329521218401,1214.5412531353345,1162.3846821605741,1150.6806069363827,1.0498869362641734,1.9533694133969122,0,0,0,0,M039,2.88,battery
101.60000000000001,1,24.96224525311126,11.801442384783137,0.9320561507011661,15,0.9744293586464424,0.4313378788124761,539.5247769173735,0.020256179896159743,9.610535812412662,1179.554370590544,1224.1180276366842,1251.9394748758787,1171.84379852252,1.1396016593535891,2.1709474828794884,0,0,0,0,M039,2.88,battery
101.7,1,24.657639783451216,-0.35104538196295554,0.9320309940173434,15,0.9310923307147124,0.7133617772590759,500.16911914087245,0.07203331408394639,9.283248068537198,1200.4996906220842,1221.1293824985967,1203.917353657043,1210.3984400987347,3.5816557445583377,2.0223313016350346,0,0,0,0,M039,2.88,battery
101.80000000000001,1,24.62146135862341,9.464225888945943,0.9319997130831296,16,1.0379774026331368,0.6936850822517395,521.2433105826452,0.14730101015422623,8.98510474401796,1191.868404663368,1190.4671072899637,1206.8227243005215,1169.6667102916338,2.738281861415743,5.4221431895247605,0,0,0,0,M039,2.88,battery
101.9,1,24.682062266550034,15.270754520960713,0.9319660583281842,15,1.0831774225518007,0.32594555543343123,479.754675444886,0.0548272224039989,8.653611995523455,1166.1126751678887,1232.0582636785175,1210.2122399476511,1156.0139798188723,5.262228907363156,2.098018055456733,0,0,0,0,M039,2.88,battery
102.0,1,24.714419269275986,7.200908899583437,0.9319373940685418,17,0.9350475654260622,0.6926923335869184,511.222111445941,0.08598412651240911,8.631590178650194,1235.825914829146,1220.7430321843947,1194.032892852213,1203.675524377112,7.948837915092345,3.5484882637492756,0,0,0,0,M039,2.88,battery
102.10000000000001,1,24.87300139853819,7.739486152367784,0.9319033267773399,15,0.9166851974893026,0.29049381256303297,494.61963090035215,0.25116488630061734,8.839350720750696,1194.8988343989479,1203.003729622317,1224.6855915307074,1196.7078527911071,3.8669778951786897,3.57512277715146,0,0,0,0,M039,2.88,battery
102.2,1,24.75729950185873,12.73609687359306,0.9318723382305055,15,0.8655922978907278,1.593506220674952,506.8056881706076,0.05595801018789355,8.326722424299687,1207.719258858177,1185.8643394147912,1228.3128307967288,1194.8819197135722,0.6393222012323236,0.8157025906480626,0,0,0,0,M039,2.88,battery
102.30000000000001,1,24.774845819206934,2.7908988411880076,0.9318403632686415,15,1.123852345643622,0.49474068010172534,517.1535305099094,0.0720719545995966,8.423321822195268,1219.6993935905562,1178.205538535503,1225.3791656056958,1195.7861720629467,5.229453206867527,3.816679047816823,0,0,0,0,M039,2.88,battery
102.4,1,24.78176433373913,6.99670219593394,0.9318075133662234,17,1.1069312761818353,1.2315502354324577,503.3258843505119,0.08552836214187115,8.32928605990643,1185.2821324135268,1244.8878479156106,1226.6996607076762,1226.6666412887544,6.818722701672459,5.67665389013985,0,0,0,0,M039,2.88,battery
102.5,1,24.911016271071734,0.008906518805247288,0.9317770860854375,17,0.8789919587139429,0.6513874335955036,507.7612400531448,0.17579252835959794,8.298163745730896,1226.1991563641936,1198.5655713690921,1209.3124739800485,1229.315987956281,6.639985310293645,3.1836337868473144,0,0,0,0,M039,2.88,battery
102.60000000000001,1,24.730344102466244,5.331689110929487,0.9317545938528308,15,0.9651367830827017,0.7896918523879988,503.49343554598903,0.11633148103585193,8.0624976725306,1212.7083014339262,1254.7751083742032,1231.1060540000176,1209.4283962466814,3.2202061153048733,2.9628118315395113,0,0,0,0,M039,2.88,battery
102.7,1,24.65266256611631,5.9554842558119,0.9317174537535655,16,1.0376676732962373,0.940420510824024,513.9008955780002,0.15601363574854632,7.907962997811826,1175.368363915444,1191.9284276501016,1214.9773730275995,1197.6521793515087,2.6895186523205497,2.4880808254033684,0,0,0,0,M039,2.88,battery
102.80000000000001,1,24.56231113318744,11.062264754675041,0.9316841483292675,16,1.0321090999178293,1.2198147547265745,547.0850635643048,0.26601246254087324,8.242749511945735,1231.444213992018,1238.469101359381,1180.7507108969485,1206.4059610493152,7.5195860332201425,1.2535279310363892,0,0,0,0,M039,2.88,battery
102.9,1,24.890747020585597,8.611903039802197,0.931651356491264,15,1.068382708143779,1.015889879930218,506.3782742690801,0.06872114722827746,8.573202984120034,1200.7289090145791,1171.5370250899434,1185.2756864389964,1198.7574010844332,1.7207780374515886,2.395384597582716,0,0,0,0,M039,2.88,battery
103.0,1,24.51324142031532,8.797142785875725,0.9316224971139446,17,0.9795998876386364,0.40352055306672846,497.2453807133281,0.037161708454432334,9.006651300689603,1205.8622437614092,1146.6599062310693,1224.8173458529886,1204.2366704071317,2.807222680098862,3.876192706328683,0,0,0,0,M039,2.88,battery
103.10000000000001,1,24.748053095960255,9.501037483610448,0.9315922273188425,16,0.9349208762545896,0.39664635659196157,469.01154921929924,0.2632916493411063,9.157279695618376,1265.7289522481065,1232.717887560561,1179.5472952784055,1173.7889372091463,3.2291221951624314,6.251536134838842,0,0,0,0,M039,2.88,battery
103.2,1,24.90522594347097,9.614266965644301,0.9315587312407854,17,0.9611251283415151,1.134449443070817,480.77216534186016,0.11537416393215037,9.232064538055617,1193.7599033425947,1191.7242782711405,1218.4152913391304,1198.5240045667197,2.4696263695709115,6.542396200502459,0,0,0,0,M039,2.88,battery
103.30000000000001,1,24.602454008020956,7.988984962499434,0.9315298535091038,17,0.9371800344686922,0.30213101408130405,491.2673718879429,0.299301379279287,9.805635324224841,1227.4385887412327,1175.1497401324814,1203.8564453402448,1216.3656210512565,4.920437795469384,3.272054487518657,0,0,0,0,M039,2.88,battery
103.4,1,24.72225562943291,9.1969119626849,0.931495113211269,16,1.117389829278007,0.666232318142984,511.1459433926226,0.013376535005374363,9.765504687131163,1225.8820964128922,1232.4713832087027,1197.163102497696,1187.0499944423352,1.762221533809317,2.9067573247909455,0,0,0,0,M039,2.88,battery
103.5,1,24.76310954651435,9.531769173402395,0.9314628544743528,16,0.9421125084516554,0.34491119185903535,507.3007977233296,0.05422186888109633,9.911016971195144,1215.5904267893807,1228.3600157929484,1220.0857071930095,1213.6264427143165,3.3728451037267733,1.3967290724437635,0,0,0,0,M039,2.88,battery
103.60000000000001,1,24.570508044179984,10.29105548172251,0.9314300360372632,17,0.9506361214761592,2.1117999996556716,511.9119815027731,0.036451988430945256,9.778604058593256,1154.4923334580737,1195.4041512429835,1191.603020035198,1169.3461053276512,3.6391532669232194,2.591236703438405,0,0,0,0,M039,2.88,battery
103.7,1,24.76288312568745,7.1521920571455695,0.931393521000918,15,1.0878442628261287,1.5349859059896658,482.01136418067426,0.3057398444625949,9.422677964385947,1222.7658834822812,1181.4616100574133,1221.47778380294,1181.2463247137473,2.4177565923234363,3.22320563385488,0,0,0,0,M039,2.88,battery
103.80000000000001,1,24.76272913246541,9.037675185199836,0.9313639537926905,17,0.8783982220544206,0.6777897906493191,503.9215386077929,0.07511999464383998,9.647586007009668,1207.529576492862,1198.4393470577472,1205.1060642791344,1220.7047789275855,2.677509162442261,3.785819670942657,0,0,0,0,M039,2.88,battery
103.9,1,24.802695340027814,4.1391783148269505,0.9313286262633419,15,0.936171759114365,0.5733178572821379,495.44055196511727,0.2602729195488437,9.806840681344664,1230.1216965787291,1201.7720906180277,1240.3617540344428,1195.3153995357466,4.1099075595423225,0.9058406814244752,0,0,0,0,M039,2.88,battery
104.0,1,24.689272860855453,9.178668408936058,0.9312945768554222,17,1.0328308738677416,1.8398079833945498,492.32418526216975,0.16508815265594057,9.586839709290343,1192.754628494013,1212.520815700888,1163.225594992461,1238.7879243738664,5.344944455313954,1.555890756934032,0,0,0,0,M039,2.88,battery
104.10000000000001,1,24.947437124842708,5.076467019597981,0.9312649288162357,16,0.9624133090692777,0.47736084973208,541.5913613553902,0.16079609132953515,9.353512644029927,1173.7364662310033,1191.5215965960729,1207.8825920581928,1196.3018529126198,2.0261024332841417,3.6703031221045226,0,0,0,0,M039,2.88,battery
104.2,1,24.735169602228765,11.249032038306979,0.9312269562024466,16,0.974161136513446,0.941606622664651,502.2767505053597,0.05545939088421698,9.543031029155198,1183.8503529945103,1169.8847616844114,1209.4543997758137,1182.3631623131387,2.237277572294276,2.939780615221509,0,0,0,0,M039,2.88,battery
104.30000000000001,1,24.756072736031534,10.73013595156858,0.9312000093905536,17,0.901148116620455,0.6892188312290715,478.1542250251857,0.13722591491728572,9.85594757051549,1202.397692566994,1190.0219848556767,1215.7359971126891,1202.9370087851055,1.5184563941990876,5.29546975844171,0,0,0,0,M039,2.88,battery
104.4,1,24.730355373018902,10.389967118415479,0.9311677615118547,17,1.1068813471053303,0.47037355107046736,546.3578383853829,0.11318480303478269,9.817618283637351,1237.2264803939515,1229.1321414040394,1176.9553031775024,1158.920652847451,1.5715358323316124,3.8270201582545065,0,0,0,0,M039,2.88,battery
104.5,1,24.640088923184223,13.239300821271103,0.9311330218474388,15,0.919336122130635,0.590189454449097,516.8320786990162,0.328908842142529,10.168610979507847,1203.0793022134055,1158.6030890339218,1159.7292757499702,1151.1913407107452,1.447208977160944,3.1011891399609826,0,0,0,0,M039,2.88,battery
104.60000000000001,1,24.880363374463744,19.018091793587168,0.9311015361562056,16,0.9256055104660276,1.340469882931342,520.9074875359483,0.04456165485958572,10.108451357413426,1250.272488266918,1230.40923832479,1188.4406096595706,1204.4519059860804,3.743351136042568,5.882982176087792,0,0,0,0,M039,2.88,battery
104.7,1,24.826279237056617,10.417220691813757,0.9310762230963538,16,0.8555479698328315,0.35977539076679976,510.18191404276376,0.12004115439558997,10.016875346816281,1204.112655352753,1197.190501736846,1206.8811660231488,1249.2333725885076,1.1979580293904672,3.007519346579852,0,0,0,0,M039,2.88,battery
104.80000000000001,1,24.667740738022292,5.006405515279488,0.931052055426215,17,1.0060797130450667,0.5931846456849297,524.7085321215066,0.1699218571081858,9.843217691394052,1226.670878683296,1203.0010719641527,1205.3952727919427,1182.6709162302861,2.4839252799440734,2.785644000579998,0,0,0,0,M039,2.88,battery
104.9,1,24.876261839484012,7.127527742542085,0.9310193277969054,15,0.9331870795853792,1.5565380964552356,489.78874444279097,0.08840192460069998,10.23543741974439,1205.7907692000567,1191.5031927810942,1209.9805617908696,1186.8643838086577,0.8300275241259166,2.2449742878387973,0,0,0,0,M039,2.88,battery
105.0,1,24.54151729854662,10.067382434751442,0.9309842555321215,15,0.9362514606012243,0.8253027213079355,447.75615267061806,0.12516146128653677,10.01690355619578,1228.751610475736,1151.4830096690055,1182.7330978035504,1194.7655972921134,3.2254802233087854,2.677312380812828,0,0,0,0,M039,2.88,battery
105.10000000000001,1,24.702369829053502,8.808167590249285,0.9309502808701641,16,0.9332374761583535,1.5538199052220145,497.8055141219976,0.04414432986484076,9.749662634117094,1193.253244375293,1161.7629113961577,1177.9817350486949,1208.1763112282129,6.281416961343564,4.63576383176826,0,0,0,0,M039,2.88,battery
105.2,1,24.796529319615267,7.717163763690437,0.9309148879738429,17,0.9398158990363975,0.29472437868599277,491.1161285911779,0.05653185506901963,10.134201385429286,1238.343397386613,1172.3438183763637,1217.0803800639335,1191.8013847552102,3.1544189637945843,3.3925975178941257,0,0,0,0,M039,2.88,battery
105.30000000000001,1,24.5798613128633,8.095306484169132,0.9308827646525896,17,0.898170600121416,0.3941996674574099,522.3399698736949,0.2976023211813492,10.788994842071835,1227.2984322810748,1167.1095207471149,1203.1057992845012,1178.140632839506,2.400244725199916,2.8716702581059645,0,0,0,0,M039,2.88,battery
105.4,1,24.390621280189684,16.295981977307658,0.930852963079678,16,1.2237804517529376,0.6171411299080265,514.9232904759557,0.32951602649843764,10.577812708478374,1150.9631533690115,1160.76589515451,1244.5829940534718,1208.5033847632292,4.347134598858706,3.4021838807542153,0,0,0,0,M039,2.88,battery
105.5,1,24.517892153766834,12.597255025581227,0.9308184081486323,15,1.0772067486891284,0.1970233753796475,505.27041053890923,0.3128972535565181,10.31979065119747,1236.795959803391,1203.2422705126603,1198.1704118555554,1187.2098249729916,3.7091863907471008,1.3238671022266286,0,0,0,0,M039,2.88,battery
105.60000000000001,1,24.818323156493502,10.391324556640242,0.9307937704881775,17,1.0519720487974649,0.5728389479290064,477.20161622089296,0.12842060446220804,10.263645328965064,1170.8246363491971,1174.5089330000683,1181.3308219532532,1177.2317550388823,0.8720443665489832,3.6000310745333888,0,0,0,0,M039,2.88,battery
105.7,1,24.91276951072913,8.803406649152572,0.9307652857533995,16,1.0732204880111693,0.5747164357599261,466.28365756295887,0.0648233591456564,10.599632111096522,1170.9247785374853,1174.294388761454,1184.4993421865734,1210.7594335409588,1.4843290796698416,4.789021836270473,0,0,0,0,M039,2.88,battery
105.80000000000001,1,24.756500967908828,13.350113391688499,0.9307339823954224,16,0.864240623126135,1.3212503277437069,510.6717409805165,0.051453696313059946,10.415367930510788,1224.4465587087088,1215.8806629602,1210.590818780689,1216.691524188431,2.8588138904605493,2.745597857190398,0,0,0,0,M039,2.88,battery
105.9,1,24.99702128275639,4.319199320462095,0.9307167098600955,16,1.1216764988102608,1.5974481208935307,542.0382088750086,0.025807613002736172,10.667756750508227,1192.1340174777717,1182.170531016126,1186.77453187608,1141.1197424716504,4.397748163533632,1.8930771799493789,0,0,0,0,M039,2.88,battery
106.0,1,24.663785119212694,4.735295579233824,0.9306912279900998,17,1.1397097533168021,0.18745077152201728,487.85528660707234,0.3191940100695914,10.801427698048807,1164.104038166033,1211.2133649645657,1208.3976900217551,1157.1066200285293,6.0030727608647325,2.7488318125450086,0,0,0,0,M039,2.88,battery
106.10000000000001,1,24.58028132224186,8.675546879714627,0.9306596398119762,15,0.879138774355361,1.2166199928382087,490.47392999962204,0.12698660239828283,10.663578232540017,1250.6981621453356,1201.5482106223467,1179.2701754862103,1233.896150105822,2.4753547563933056,2.1254357575435354,0,0,0,0,M039,2.88,battery
106.2,1,24.684011327227644,11.60771411486433,0.9306323947612343,16,1.0871429886465993,1.4295708023888158,446.6825319879828,0.40000434617146563,10.913969233923538,1178.1158711858977,1209.5043909100852,1206.1332745711231,1200.3144432925124,2.0473086299483727,4.52894053738367,0,0,0,0,M039,2.88,battery
106.30000000000001,1,24.907805402170208,6.560445439960468,0.9305962592844749,17,0.9376252137422693,0.19103889989954573,519.1196423460774,0.1586504492707573,11.072765753433268,1167.280250967384,1210.1144862265533,1186.897228432826,1214.084586079319,7.283826341070402,1.8638063831678864,0,0,0,0,M039,2.88,battery
106.4,1,24.789489192037017,11.762251961880402,0.9305688319497745,16,0.9766315412892248,0.7359409830253401,529.2313268307659,0.14776143879621426,11.585531510214063,1202.6637320040206,1209.3945490880988,1205.5859354001361,1199.3313024161441,2.409579048512632,2.568810166757611,0,0,0,0,M039,2.88,battery
106.5,1,24.93156652681228,8.720490512399655,0.9305413289895921,16,0.8680861244559859,0.9858504964734275,502.7621764123861,0.12522322599227032,11.547073379627532,1187.8545538375354,1225.0834327453822,1200.5820551882932,1221.2508224856754,3.6511940216367544,3.1561733113331307,0,0,0,0,M039,2.88,battery
106.60000000000001,1,24.7816547868868,8.732900830282944,0.9305041590035417,15,0.8460099622652738,0.6080215789846539,490.7047177267521,0.1938175744885991,11.468905326905327,1166.1436873861155,1236.5071382990502,1181.8645472735836,1189.8557127373676,3.8606401019270047,2.122515531454278,0,0,0,0,M039,2.88,battery
106.7,1,24.587774648601453,11.87222245163591,0.9304670163801667,16,0.9257800584765559,1.05757920314199,524.9714721229357,0.10561505877216484,11.651920355301874,1194.410820970345,1190.7948287784054,1157.1638182738427,1174.9250297297413,3.5427039742744917,4.02798040390886,0,0,0,0,M039,2.88,battery
106.80000000000001,1,24.64576663889725,9.560463619294975,0.9304371251291045,17,1.0138560188226415,0.24043247907903412,523.8186614728864,0.0521505558856846,11.677037226961533,1176.0677433248086,1127.9861806170443,1155.7959078309334,1218.9367282991598,3.165524579995485,4.149275791251818,0,0,0,0,M039,2.88,battery
106.9,1,24.749017581459295,6.058568515624629,0.9304011449203522,15,1.2412539193321135,0.24238872704530795,485.6193996774434,0.10092759315767902,11.218118509593957,1221.9829325798007,1209.302479560588,1208.6168927244296,1209.7116803986366,1.1260282141540947,2.9431159772604145,0,0,0,0,M039,2.88,battery
107.0,1,24.660163608848755,10.360351908679345,0.9303664150407638,17,1.063486833342325,0.437500310990219,500.527827581265,0.0575849045289303,11.25948685558869,1184.67280630596,1227.0136932500334,1232.747974463198,1180.011451649736,4.151011186736737,2.9062758737965093,0,0,0,0,M039,2.88,battery
107.10000000000001,1,24.794249567232264,11.483748115879834,0.9303276706216201,15,1.0733023249022753,1.8235078517704892,502.5602307709409,0.08436965737738664,11.581990076204267,1183.800373814081,1169.419617958819,1194.5748275985413,1179.433927869673,7.334457687850059,4.291602516147795,0,0,0,0,M039,2.88,battery
107.2,1,24.772937496572684,9.542429476218521,0.9302928239510613,17,0.857759424617206,0.7738796496670228,471.915275138027,0.08211142679018521,11.515049816541206,1206.8422665551445,1193.0951352030397,1204.0665273406619,1210.9247308862566,1.1750133887748595,2.5294587432744846,0,0,0,0,M039,2.88,battery
107.30000000000001,1,24.865559894569465,6.884215709511663,0.9302644120007696,15,0.8897646834104183,0.7622228525431889,507.01170216112433,0.11847634946810333,11.759055550295365,1211.5359758615905,1217.9916735041759,1210.9217014008289,1239.543904279221,1.6414211668647265,2.743162145069557,0,0,0,0,M039,2.88,battery
107.4,1,24.76678271517735,12.381269290139109,0.9302368728568748,17,0.8658123621327538,1.542209136590799,493.84454528395503,0.0685157446522455,11.462346329946076,1217.4992640730031,1241.1533850074113,1195.6182420469333,1170.0810371993514,7.7374712986543015,2.7127638317146094,0,0,0,0,M039,2.88,battery
107.5,1,24.77855010353731,9.27504936289221,0.9302018703174153,16,0.9303321009205676,0.9868995498065467,498.0704194197395,0.26496291943037453,10.965876318017955,1155.3242071036298,1209.5261866715168,1193.203833063656,1187.5272075316598,4.803006275877275,1.8990177089437865,0,0,0,0,M039,2.88,battery
107.60000000000001,1,24.856374285091654,9.763933319778044,0.9301743016347033,17,0.9110341507560563,1.1736177482578865,465.1531889248479,0.10953822937890619,10.76433408867621,1231.9243594833097,1216.9670883165575,1181.5561607333277,1259.2538701899523,2.0458139647825444,4.2134014981388725,0,0,0,0,M039,2.88,battery
107.7,1,24.736958170113756,9.5278890997465,0.9301436877754515,15,0.8414829028785591,0.07168526180515994,482.73061446385503,0.019621881807633402,10.860577278099148,1219.463542925004,1187.3882497764644,1167.8228768746667,1200.755675125894,1.369433480423693,2.2543873579850735,0,0,0,0,M039,2.88,battery
107.80000000000001,1,24.787350705953344,13.968201464548141,0.9301126727164191,15,1.1325687203918924,0.5223388233205245,471.1966020844162,0.05457337839396205,11.037331213273808,1209.110004366389,1204.155154996652,1184.4316088841572,1210.7704565497047,3.873670672101629,2.640483198563778,0,0,0,0,M039,2.88,battery
107.9,1,24.901714766710775,8.066048796854954,0.9300876653192335,15,0.9451240653528472,1.6900002204450622,497.6945605903698,0.23243448764965383,11.47460630970313,1241.3780973537598,1208.1072078401216,1161.4678462853328,1228.9829250200714,6.032137835833991,3.3432409874428966,0,0,0,0,M039,2.88,battery
108.0,1,25.051687178303993,5.679179272749724,0.9300642708451121,15,0.9405852135046622,0.16059031233687104,533.1221329354562,0.014076939654774252,11.949534081198955,1197.3844132716517,1164.937014432187,1216.0098031243233,1188.443684550677,5.612436144944832,1.341457665631301,0,0,0,0,M039,2.88,battery
108.10000000000001,1,24.694733212980154,7.096961841299982,0.930030674463328,17,0.9880687343923023,1.3087484201322974,507.88335548896896,0.06503696065360542,11.541151908538039,1247.7879827320812,1200.975743652561,1213.771465748544,1218.1043772818357,1.2855525247737458,5.625636917272818,0,0,0,0,M039,2.88,battery
108.2,1,24.796952915152698,6.872250569467451,0.9299986946098774,17,0.9710308419382291,2.199861723477362,504.6656096143801,0.026908347980363338,11.422391718470955,1210.0100504698605,1172.2597214435896,1191.6916753940295,1151.913190789254,0.6827943555549321,2.881007753583695,0,0,0,0,M039,2.88,battery
108.30000000000001,1,24.65469586737148,11.341776869483521,0.9299645145727392,17,1.0652255813929061,1.786229938282255,485.4473465170052,0.01605257532566766,11.510814326695476,1198.1394158470912,1204.030366992585,1210.2907027393196,1185.2361080660348,2.5164614843394317,7.91847559133662,0,0,0,0,M039,2.88,battery
108.4,1,24.785075450973217,9.480048333260719,0.9299378594802845,17,1.201095243617364,0.5414067999955402,488.5549220035214,0.13471465789843334,11.794804281212146,1167.747138981663,1163.6682587899188,1223.0653974206336,1202.2316872757845,4.956358556483137,4.351166857437169,0,0,0,0,M039,2.88,battery
108.5,1,24.90964869988497,7.992370711287407,0.9299108248177814,15,0.8390070588258844,0.1319252644449337,511.86823448926776,0.25144058181481665,12.21993223247503,1184.1942448318941,1194.676060827244,1177.079073061685,1173.786464459791,2.482096392900064,3.5700167434517454,0,0,0,0,M039,2.88,battery
108.60000000000001,1,24.65770219782213,9.113144911792984,0.9298781384921544,15,0.8752209780726031,0.6885281379947058,513.7026990778689,0.24197517801845453,12.147171859722002,1203.3145675486596,1205.5422967462284,1211.9682074554828,1197.4613284530626,3.1402046206360397,1.9436116889070594,0,0,0,0,M039,2.88,battery
108.7,1,24.827809999343007,9.314807879416353,0.9298550362478634,17,1.0908876142656547,0.2530244408655904,532.3849627664949,0.13282696993611412,12.277803855282826,1198.317807909842,1180.555792232988,1182.4510084623378,1175.05961944251,1.456241900478974,5.188954528018495,0,0,0,0,M039,2.88,battery
108.80000000000001,1,24.61621645946542,10.946936499188656,0.9298237161204208,16,0.8547746368708952,0.4357511931244469,556.4324857726175,0.0869768241630601,12.597587223259636,1172.8503766485246,1175.0869586163649,1228.0950785663886,1200.418091766447,2.629191582318753,5.8001188222981,0,0,0,0,M039,2.88,battery
108.9,1,24.709013873661448,8.657904041217403,0.9297919944485605,15,0.9839862529152286,0.9194678923278872,507.656970779509,0.0678355406689487,12.569014666752732,1198.013300484829,1229.6358689516283,1226.265709544909,1213.9575178511352,3.0876589382302333,3.010574614617499,0,0,0,0,M039,2.88,battery
109.0,1,24.65344403189277,5.298279378118124,0.9297676249651978,16,0.874201918648266,0.25516235982415936,501.7218789610224,0.05358309937659503,13.089239457055857,1210.2975441114809,1190.0457823089441,1227.015648769804,1205.9912387738364,1.5111248283032719,2.9169928528262226,0,0,0,0,M039,2.88,battery
109.10000000000001,1,24.659820802939052,10.416773367580545,0.9297407208520249,16,1.1038753859005754,0.9034471844467034,506.3171700290732,0.25122526089859293,13.412794756720075,1197.0352542152125,1224.5651416328044,1189.53245291732,1178.3738398848816,2.5261918567211863,3.4121521082579953,0,0,0,0,M039,2.88,battery
109.2,1,24.84240035982186,7.549273677357562,0.9297163546736862,15,0.8016715618370321,1.5307124338789164,518.6354993046396,0.07167963128531474,13.17389483443198,1186.8860133064975,1210.1295136734243,1200.075150484168,1234.3345395656713,5.344532757956495,5.30810450195238,0,0,0,0,M039,2.88,battery
109.30000000000001,1,24.7401900987881,6.5044701496488155,0.9296824265158169,15,0.8921761987243491,1.0067838053535443,484.39103171448943,0.14891215345905062,12.77893021052815,1199.580184260785,1222.9350355383979,1214.8073883779175,1205.2331703458926,3.2701251163856755,1.4931399865536727,0,0,0,0,M039,2.88,battery
109.4,1,24.574325553372525,15.140577779836597,0.9296488326209799,15,1.0074753137117656,1.165875818962666,518.4901680918008,0.010299867969619918,12.728535931080136,1218.0671481600107,1201.9861067221052,1185.804650286397,1199.0317778701078,3.9335800707183015,3.473517472483888,0,0,0,0,M039,2.88,battery
109.5,1,24.717998030376236,9.500479100716127,0.9296213757858967,17,1.0604889116621619,0.15002883893558036,474.9895484977251,0.11088357172474346,13.06783911364165,1191.27218753299,1214.5510636198999,1235.6039752482575,1214.0253126657187,1.0083995650012179,3.1322848297293002,0,0,0,0,M039,2.88,battery
109.60000000000001,1,24.845270222148724,12.165033622678992,0.9295923250269805,15,0.8801022481597587,1.0542107908411076,498.2111937124175,0.06111290117298613,12.976499787218438,1223.1732175908087,1214.346432150449,1229.4021942452737,1137.385712203344,0.6334807121900179,3.6486665508983553,0,0,0,0,M039,2.88,battery
109.7,1,24.930779718353133,2.632341331454012,0.9295661904809862,17,0.9256157249870023,0.13457990586323135,506.30640270874056,0.25853248487890884,13.093349302776259,1181.3122052310312,1201.3927280625605,1207.7564475200147,1256.1497885689653,2.772006302560881,2.1687398346158657,0,0,0,0,M039,2.88,battery
109.80000000000001,1,24.668277097181903,5.253891856990986,0.9295331918563078,15,0.8690884835964242,1.1248290099300404,495.200272536196,0.10067958604436522,13.090823012810423,1168.339273240541,1201.6448568634537,1223.6305227690166,1219.057371109643,5.725756409807228,2.8390121952894107,0,0,0,0,M039,2.88,battery
109.9,1,24.48268933675658,12.546775154059521,0.9294928718395876,15,0.9581994540888592,0.6737488316156492,502.57055459628936,0.08637663659840183,12.94537485156598,1206.234769744205,1211.6562757235804,1137.05935889071,1195.5364856531153,3.345618114677883,4.846517475670462,0,0,0,0,M039,2.88,battery
110.0,1,24.855529942219214,10.119680635711806,0.9294608641684892,17,1.0029945695643605,0.8150481071352516,511.1240021314097,0.0373960230480991,12.844186271908457,1197.4661450137169,1238.2384918964678,1192.0314956762159,1230.4542672319656,5.026306126288259,5.418208835915319,0,0,0,0,M039,2.88,battery
110.10000000000001,1,24.53643372638803,17.01968046919977,0.9294286952230612,16,0.8043073690157105,0.4392641259807447,521.3224881088937,0.21569201975341204,12.887029799457054,1196.6437187720664,1213.4485376730045,1179.3447534683298,1169.9809277979246,5.826755981514074,3.6828688903396425,0,0,0,0,M039,2.88,battery
110.2,1,24.7866997564696,6.827965569201259,0.9293946650766827,16,0.8628649511077102,0.07165902929336848,502.0283680733129,0.07403419923802429,12.926896083202916,1200.845437281545,1172.5243347907797,1192.1068707104862,1208.76060818808,5.447649411794274,1.5519753398066092,0,0,0,0,M039,2.88,battery
110.30000000000001,1,24.585563241552652,12.773931488650414,0.9293659826077817,17,1.1389528610392385,0.2012925877096818,480.5986546320256,0.09580703714190439,13.074145526043406,1190.008355150355,1215.1276053337965,1099.7765403729977,1175.6614942020842,2.6613107634550435,3.634197101956362,0,0,0,0,M039,2.88,battery
110.4,1,24.739747437802844,10.623526703982268,0.9293343664741671,17,0.9186570235126152,0.21961421682044396,482.9460709808733,0.1459957024757084,12.916000509358652,1200.05512950114,1191.30675825588,1183.1132832608623,1206.6026252478289,5.585826878798297,2.641394991573443,0,0,0,0,M039,2.88,battery
110.5,1,24.498959559398845,7.943812560825541,0.9293014948337524,16,0.9118042794297302,0.653746072644112,510.7433660405525,0.12654349673418025,13.113148473809954,1223.7269775279324,1209.9013133429125,1174.0192576905094,1206.3860040450247,1.0758617394299765,2.9088438384238953,0,0,0,0,M039,2.88,battery
110.60000000000001,1,24.920521932941543,3.064754387079663,0.9292736846132691,17,0.842071651341621,0.9425129335921495,537.2799148842072,0.08705692433680043,13.294376658549496,1173.6248996823692,1218.5160901765366,1159.6916333189067,1210.16430862949,4.673661986974588,3.534792947580917,0,0,0,0,M039,2.88,battery
110.7,1,24.825813816669445,9.606644614207635,0.9292395451533593,15,1.2075184350320258,1.0603187138361763,517.5571371800202,0.06211307213832976,13.179769250403734,1200.918853492548,1210.0386899373539,1196.898017610517,1202.345216093097,2.3392320962066964,4.533041945740172,0,0,0,0,M039,2.88,battery
110.80000000000001,1,24.82633953607008,3.058270168195757,0.9292167040829652,16,0.9407141900644596,0.45609112623616205,512.880149511438,0.17548775664604738,12.959289889950083,1214.1790613889664,1176.1364172864737,1188.580381189703,1262.0872297453602,1.8642067600660364,2.6606163251713832,0,0,0,0,M039,2.88,battery
110.9,1,24.876329514793596,5.829169751286264,0.9291843697158487,16,0.9832668464948096,0.5620195684204369,492.241320259497,0.14131683207358772,13.384770143909282,1246.606927912686,1211.790234728744,1249.216915158595,1179.8269030540241,1.4294084028390737,5.059734817722697,0,0,0,0,M039,2.88,battery
111.0,1,24.594809242292914,5.899982163921384,0.9291480129458735,16,1.0612257766866147,0.7942188721904788,489.70391605927443,0.27319126801816784,13.75353448212973,1194.784791755636,1211.4749826224263,1158.9003484958257,1189.8920797558824,1.9585221874054741,1.9337656101342864,0,0,0,0,M039,2.88,battery
111.10000000000001,1,24.587234963194383,8.36970061921063,0.9291148634238786,16,0.862254554656506,0.8753996322867315,510.8640265842549,0.08870574372258361,13.419624259507199,1224.559400025299,1208.4556174869808,1202.2715761412032,1186.6571784287553,1.187368007124173,2.8911110074377766,0,0,0,0,M039,2.88,battery
111.2,1,24.746142646701568,7.948953796030487,0.9290834007777704,16,0.8924946256701999,0.49593710045631884,490.07776574931114,0.058648306441961194,12.862064550258967,1180.371191077913,1171.4282329710013,1164.2634821885672,1191.7040419598618,4.450590888662134,3.633627476147371,0,0,0,0,M039,2.88,battery
111.30000000000001,1,24.59536160835325,9.118816090502799,0.9290506252052433,17,1.009773178311364,0.4018977570076313,487.70662099622893,0.1996564937394124,11.95645734004939,1183.5427033022638,1199.1054159215225,1184.2726581285506,1220.3608266648498,6.650161127893564,4.614521172883894,0,0,0,0,M039,2.88,battery
111.4,1,24.56804040262464,7.978237823171286,0.9290164023922098,16,0.8612068027910361,0.521631785659611,502.33336151435446,0.08460802341599712,12.072454553155351,1193.3682225351483,1160.801435821512,1168.9469587229282,1187.9146793117852,2.81043142752733,2.1692225775585,0,0,0,0,M039,2.88,battery
111.5,1,24.57668359584154,8.324049523041248,0.9289850202843791,17,1.077899751728177,0.6011885903313933,489.1683550881552,0.031753693764601486,12.079434335854453,1206.1640115490618,1225.9346682364383,1219.7845149479178,1234.6103190075105,1.4943733053372066,4.671966761540465,0,0,0,0,M039,2.88,battery
111.60000000000001,1,24.993209248044767,13.211947388421269,0.9289576004985582,15,0.8989864085593867,0.1207144297454529,505.7775096156069,0.16570651090494135,12.057613086933781,1218.3048644104808,1199.2277204500595,1202.9670756011117,1176.9148926408566,1.9401626813958133,3.3042045366118464,0,0,0,0,M039,2.88,battery
111.7,1,24.662899242238684,11.257625231294563,0.9289222329055409,17,0.9717208706138982,1.185029356693522,519.9381213380445,0.0875831483342447,12.186895825005978,1170.0471528256435,1206.7656551848413,1223.8775997609428,1215.856691701929,2.8300086909452924,2.424572692209093,0,0,0,0,M039,2.88,battery
111.80000000000001,1,24.749732082853125,12.162005003971297,0.9288915157302765,15,1.0355510033661652,1.751851334720783,505.3378296548204,0.05843268359353697,11.860130927728076,1229.6223730478664,1232.572040493895,1207.7156541466477,1224.9289131469166,0.6472679016573184,2.9850658874355775,0,0,0,0,M039,2.88,battery
111.9,1,24.767328946340747,8.509522708272073,0.9288603915093286,16,1.195500269834763,0.8392952949585621,472.54595948541646,0.07558937251179462,12.279363952452492,1235.0957540961197,1187.0677950498346,1217.8523678123763,1182.5787208677968,1.9093434387278436,3.241919390448305,0,0,0,0,M039,2.88,battery
112.0,1,24.680930766933745,12.667423425221745,0.9288275323134048,17,1.0480418177869104,1.1983578639644261,463.32498492417056,0.1951660623005601,11.977671800215992,1225.7101021115643,1243.1384652036136,1210.450237499594,1200.7603183704362,6.445094540644629,4.282228752251333,0,0,0,0,M039,2.88,battery
112.10000000000001,1,24.66629186460415,6.606964819681159,0.9288077568883712,15,0.8913284063176552,0.7238226214920745,507.300451369583,0.14014585998940526,12.28849752302084,1238.0073003798693,1205.7374832219016,1206.9050276107375,1183.7664707811155,2.0295742794374534,2.778990561890736,0,0,0,0,M039,2.88,battery
112.2,1,24.686704767008806,8.121052294650628,0.9287794639736872,17,0.9359437620468979,0.6155088379093047,500.6840529202009,0.08018119222876115,12.194584254587456,1189.9197352667577,1198.143122771866,1200.4607555815921,1158.6540376767562,1.1601102134749293,3.8458369842342495,0,0,0,0,M039,2.88,battery
112.30000000000001,1,24.647390515068103,11.345672484676799,0.9287453380625169,16,0.9077381503068295,1.1573856532477678,521.2282349552468,0.08460784347878395,12.515723388089082,1181.6681004567388,1161.9737880221385,1171.1595123887823,1199.1395082492118,1.0178803083538552,3.420990237707607,0,0,0,0,M039,2.88,battery
112.4,1,24.911439252781783,8.453483385427859,0.9287148934348262,17,0.8601550419228418,0.6852936983941499,498.2335782512546,0.08614018401709081,13.240008998067701,1186.8275285020168,1186.1285434669146,1187.6825329464414,1225.6570654960656,4.109976576407707,3.9727307680096713,0,0,0,0,M039,2.88,battery
112.5,1,24.979928829310715,11.250298750552242,0.9286780207680706,16,0.9945629344126934,0.36673566238594313,473.59966616164775,0.0973929043459836,13.479317191571475,1211.8873816796088,1207.418932467566,1230.0878057999407,1209.840044760681,7.136875297398475,3.349146729945001,0,0,0,0,M039,2.88,battery
112.60000000000001,1,24.556286775222393,9.353239712316043,0.9286385040782582,15,1.10274803534209,0.4805886150962068,490.762610776189,0.05445044776545842,13.523172006799925,1150.9362965930213,1196.5230076554978,1189.1684547768093,1173.587787972299,5.255733376418715,3.299381900317358,0,0,0,0,M039,2.88,battery
112.7,1,24.712681581780604,10.624546138452263,0.9286001489197969,17,0.8981387610395998,0.27616301003784166,497.0089816354762,0.1450703391970242,13.726933123840876,1207.5704336245383,1196.5701394987866,1220.2025203352578,1209.0833374071601,2.6594033559476475,2.4665527590538763,0,0,0,0,M039,2.88,battery
112.80000000000001,1,24.82076048359689,8.038180571265888,0.9285656499507322,16,0.9473932747483597,0.4677995677476585,461.3259119497305,0.1836901445608726,13.688675996793311,1187.6595839170664,1200.4294041541432,1228.3971903584006,1196.041663927239,0.7522888004075962,3.1783303482077843,0,0,0,0,M039,2.88,battery
112.9,1,24.888116835638854,7.4057302552609015,0.9285391954974505,15,0.871266909060686,0.5092492224782821,500.0050936148312,0.11325169889573368,13.728026776486086,1172.0984372004227,1214.8565834980134,1194.6876617936732,1178.9696862860856,1.1255969561304775,3.7938647186055787,0,0,0,0,M039,2.88,battery
113.0,1,24.55837108547185,17.384500149012123,0.9285015997319261,15,0.9522423468673972,0.44691470573046865,514.2581331805939,0.03156810416556422,13.976174648047369,1202.8443452018375,1240.5684037791668,1167.06099717811,1173.3494600511997,0.5247851478118957,3.8935583774027753,0,0,0,0,M039,2.88,battery
113.10000000000001,1,24.812941977445814,9.00552636523732,0.9284648066873875,16,0.870913621936004,0.2786751681248551,523.1523413389048,0.04609445098456538,14.243303715142734,1223.4363748852845,1175.1452024259331,1205.625063942833,1170.9775836655717,1.5320779739420227,3.7867742567640468,0,0,0,0,M039,2.88,battery
113.2,1,24.638189551225082,9.514596725818631,0.9284315639135274,15,0.9773283146031209,0.3446410970789251,488.96085187071765,0.14812864707279894,14.110653756496507,1217.0060123112921,1179.8719376594024,1251.8805820206599,1158.2982311487008,1.3059150599512106,1.8545991059570972,0,0,0,0,M039,2.88,battery
113.30000000000001,1,24.639338120982917,2.0101208880903307,0.9283996948659025,17,0.9138052707865949,1.2052794377129532,493.940774307479,0.18692614340014813,14.374899463106864,1202.4473334349823,1180.2098387735227,1201.8229572036537,1257.9010853805603,1.601726868742881,3.6971621216446833,0,0,0,0,M039,2.88,battery
113.4,1,24.66469875217062,9.499205686442124,0.9283638585040687,16,0.9541257761908865,1.5446863536566164,536.5178215385532,0.2239820653221068,14.604411705390325,1195.6088417037968,1178.063004972344,1254.91497658545,1165.7044709923143,2.4571028249825493,3.0882023645418606,0,0,0,0,M039,2.88,battery
113.5,1,24.72581432169593,5.013667191106892,0.928335639666835,15,1.0900823719033577,0.36442148218258197,521.8099309645803,0.045244656750475315,15.407733524037209,1225.6278759822933,1185.665874968699,1200.6776286400943,1222.17345064592,1.7782862642431125,3.2003948104401045,0,0,0,0,M039,2.88,battery
113.60000000000001,1,24.857748175090258,6.406641474200294,0.9283038075123897,15,1.1373495033036551,0.6833719036921042,522.2864556059436,0.04823466283885654,14.955675715848054,1186.1243274541434,1210.3512319957044,1161.731233182757,1186.0487770777552,3.064116231572213,5.466662380160393,0,0,0,0,M039,2.88,battery
113.7,1,24.732579217548334,5.378613451960279,0.9282673079367464,17,0.9131506253933412,1.0303088690747473,500.2929317218641,0.10843878992169242,14.786337346558387,1195.9022203072602,1185.0819470391225,1234.212684559753,1186.4435833544262,2.3707118306898085,5.383651187255996,0,0,0,0,M039,2.88,battery
113.80000000000001,1,24.56054780207335,8.078797380009002,0.9282325196479873,17,1.0034172695914856,1.367708248464167,492.84559528436506,0.08269221689912683,14.606060967744904,1166.5228185330375,1184.3609218860577,1235.7802165529456,1191.1265182450584,3.104959336738514,3.111461741772815,0,0,0,0,M039,2.88,battery
113.9,1,24.98492848021069,15.200601861089668,0.9282003718291717,15,1.0086384108977735,0.2932319215498143,501.9459537158301,0.0257747872272171,14.820112194516787,1212.1769878357547,1233.1228267192387,1203.7008577352535,1178.1889213164623,1.4304542022930835,3.8858801026905025,0,0,0,0,M039,2.88,battery
114.0,1,24.60576754133797,4.027244325121631,0.9281792451656917,16,1.0869123677481445,1.454144554502366,479.0356564301071,0.1254850080473816,14.677615849468166,1249.3884670334196,1227.8902250293388,1211.6209564655408,1219.0865712885654,3.352415149319455,2.6739115217022804,0,0,0,0,M039,2.88,battery
114.10000000000001,1,24.6658104723054,10.580265117222162,0.928141804982301,17,0.9687814649536166,0.5707116910989997,507.81485314747937,0.3122633100279798,14.582239333530808,1221.855070398794,1242.8489140291922,1240.2337903314203,1169.2606324903222,3.632892666222667,2.448095842981339,0,0,0,0,M039,2.88,battery
114.2,1,24.857132058449935,7.17382649915676,0.9281097486625556,17,0.8946308384751509,0.8345211359721041,473.24076023699615,0.18786959450353086,14.545293321863847,1177.4712183576876,1195.7755008042425,1220.4249874490624,1199.234196503153,3.1714352126129324,3.0387590215176745,0,0,0,0,M039,2.88,battery
114.30000000000001,1,24.753036556423208,17.057104328787666,0.9280742540523593,17,0.8849495693906377,0.5387559764819388,488.9186267731586,0.23236570771229265,14.986526632048967,1227.9691220466536,1145.9200304745534,1211.3047091971112,1196.589574639302,5.23039967045946,2.436642725056411,0,0,0,0,M039,2.88,battery
114.4,1,24.603202914425598,6.557444971827733,0.9280456293419541,15,1.0945194049383702,0.9530846763136815,495.7031019080172,0.12230837183476151,14.624343882186553,1200.990738585716,1187.2255016106876,1196.6457231359864,1184.638408851979,1.806131436629606,2.7109968956905517,0,0,0,0,M039,2.88,battery
114.5,1,24.693000508514995,10.656066951294875,0.9280136543905634,15,1.1704531000641007,0.4098456414931438,493.07030842929044,0.1092277132564297,14.934360877869631,1190.0755112534396,1211.5893652801317,1205.1564773817845,1167.0274471194318,6.688841496025097,2.252625118326625,0,0,0,0,M039,2.88,battery
114.60000000000001,1,24.67987750239975,6.990246252733,0.9279796657102786,17,0.9210017663101195,1.2509144093663873,488.9236898047947,0.09913513614888961,14.80225929959066,1204.805951690592,1196.0086774899241,1207.226646802301,1220.113301327201,3.9329547837481447,4.722586554528549,0,0,0,0,M039,2.88,battery
114.7,1,24.97696426143126,9.464445547848236,0.9279503957277667,17,1.0717866094615018,0.6327450492075158,504.96828078325586,0.01143313089507133,14.401315152855272,1216.6312812495923,1186.6460836881743,1213.2326376032413,1184.328812892457,3.3973594561166336,1.8442258631061892,0,0,0,0,M039,2.88,battery
114.80000000000001,1,24.798117811646957,11.70421327908878,0.9279200502821503,15,1.0522374377206183,1.247650226218971,502.01808158086357,0.06502386584647761,14.414018656497893,1193.170579168299,1196.509458515755,1223.2745789726994,1219.4584114711347,0.7724838730658328,2.9356965197378453,0,0,0,0,M039,2.88,battery
114.9,1,24.582719688212837,8.67469138439939,0.9278937644569297,17,0.8498267063490371,1.079132496462513,520.7434949068785,0.17945096181556477,14.46680438031427,1174.0960482376122,1203.3747895660272,1153.6447241119092,1218.1415099653427,2.6908495983193457,4.682472223535824,0,0,0,0,M039,2.88,battery
115.0,1,24.675276427566335,8.115887946589423,0.9278593922972027,17,1.0610175440731158,1.0275018217090186,513.0646208214494,0.24695410405467388,14.51821004105952,1182.5381712518843,1162.9577182130533,1198.3603326099512,1178.7438709584212,5.552536377333198,4.763821494815181,0,0,0,0,M039,2.88,battery
115.10000000000001,1,24.94893701120366,10.60637493543575,0.9278256168510755,16,0.885866920753758,0.42693739450389423,504.2648173767271,0.1444582393942867,14.70700005944407,1214.2748110938562,1178.4664747633212,1188.0150309809342,1210.5466117990447,4.301278728822749,4.272225385729913,0,0,0,0,M039,2.88,battery
115.2,1,24.606967976319126,13.05676761796009,0.9277900968561338,17,0.8825608123336385,0.5391825108429955,512.9178451251377,0.0875067486552741,14.463408005812001,1161.7666465040909,1168.1527254528266,1184.4736962918926,1196.692085190222,2.5991720826250684,5.00345964552048,0,0,0,0,M039,2.88,battery
115.30000000000001,1,24.795327874809114,5.8816495678795215,0.9277628847330456,16,1.0001359286379123,0.36018331310009677,472.9649847559229,0.07152172369911511,14.508796009175468,1173.3514678378785,1179.1032563119247,1158.5028218844097,1219.0219796283147,2.628031214330715,3.2380906082018686,0,0,0,0,M039,2.88,battery
115.4,1,24.96015191767625,7.881508402645138,0.9277362519084812,16,1.0477275319845445,0.5162009461419186,498.2867158969285,0.15842775611196275,14.9289221681138,1241.4026786752834,1208.127557634925,1259.0601158614738,1238.4665858820044,3.445234263151649,4.624095470484935,0,0,0,0,M039,2.88,battery
115.5,1,24.750946455304597,4.074411521712795,0.9277100488362194,17,1.0769552122774457,0.44438594402734527,489.1465066915361,0.1256609534934896,14.968662038716326,1183.2251241781166,1190.354439859808,1205.601994650616,1205.0762689000057,0.8396685926200363,4.007739048672589,0,0,0,0,M039,2.88,battery
115.60000000000001,1,24.61863790584816,1.7514142329987683,0.9276807514299037,16,1.0048474282506397,0.24395064182775394,502.10497583502325,0.0529520874332436,14.85260909747414,1196.7255542764387,1219.3074850639061,1159.092031091363,1236.3986360138165,1.855774135625359,3.4672648434910274,0,0,0,0,M039,2.88,battery
115.7,1,24.512899000160417,12.113239939470184,0.9276438608114398,16,0.8384587763291815,1.5812821979186498,511.73736632772824,0.22812788992646638,14.816859508676037,1164.4395472587016,1211.5437454388357,1224.1086594218978,1227.1419869589806,3.3944710951821886,2.5285207789144657,0,0,0,0,M039,2.88,battery
115.80000000000001,1,24.81826942079238,13.114056456053213,0.9276197853744845,17,1.1844211906455286,1.1101698321183617,499.6355341601635,0.06600693000031436,14.791008803928122,1226.4976295769352,1209.0856527290503,1183.5660802162622,1218.8629048410544,1.0040026963014705,3.187699879634413,0,0,0,0,M039,2.88,battery
115.9,1,24.75116367883084,8.435118639522532,0.9275810442218122,17,0.9415742030615124,0.9852828313351911,491.707410820884,0.060547854577803276,14.380911728392778,1226.870375894687,1239.238907455143,1221.958398280885,1199.5966734842161,6.544320489672421,3.119043219412264,0,0,0,0,M039,2.88,battery
116.0,1,24.756048693815742,15.201180648889284,0.9275519548471461,17,0.9460619641319831,0.22332747790094495,493.0236806197175,0.17803130030829734,14.462283794406503,1178.6558687130469,1192.5924231365786,1227.626594784054,1184.6365373562328,4.4343424990265525,6.4127414404917396,0,0,0,0,M039,2.88,battery
116.10000000000001,1,24.502114370875084,12.367849989513347,0.9275158121520731,16,1.1224328763773557,0.5538415602215829,517.0674537006561,0.0663956765520011,14.513121728111074,1190.345170035542,1203.5756534593788,1157.6524287056297,1191.2483141381272,2.693459610734214,2.6344216390887,0,0,0,0,M039,2.88,battery
116.2,1,24.704320033222743,7.2934774083178056,0.9274852748630225,17,0.9056154768564295,1.5059642904563924,473.43352112366904,0.1217848643976631,14.74405431016079,1182.6560825559693,1193.2857245865096,1211.7279399219374,1185.2083453574762,0.8708067270515121,2.9858939073916995,0,0,0,0,M039,2.88,battery
116.30000000000001,1,24.813389365724113,7.103320057162283,0.9274575890475014,17,1.1344201095608641,1.2155499586196172,480.34281559094234,0.07791356012201257,14.923132014162928,1241.1181530491872,1221.1605865761371,1180.4838036382573,1234.6696286621755,3.8364500729099937,2.3428224701569396,0,0,0,0,M039,2.88,battery
116.4,1,24.752006189998863,8.641239026844964,0.9274244669114583,17,1.000935670652726,0.8039567413445736,494.4008562443051,0.18935414952697588,14.798331206421569,1186.626732534771,1187.3119749757382,1188.5446262126798,1221.4577524313668,1.7044434593375921,4.691225222637057,0,0,0,0,M039,2.88,battery
116.5,1,25.0359482013674,5.586980105633641,0.927399772189756,15,1.122696679559397,0.9307666497313394,477.6723251769095,0.13106758090906614,15.171774294666521,1196.9737688637695,1164.8030082537673,1217.1248922872214,1196.6757516004725,5.466770197184807,1.3319544464545117,0,0,0,0,M039,2.88,battery
116.60000000000001,1,24.833599362228103,10.445357176430392,0.9273714909018462,17,0.8986138020072678,1.0110383570808406,510.56773920827834,0.027986086256005478,15.094928924095573,1167.9354867270233,1196.876838626411,1176.892498055144,1195.1078091434877,3.0261209396499447,3.9862785701518453,0,0,0,0,M039,2.88,battery
116.7,1,24.60259991207577,6.118558594789434,0.9273461898769928,16,0.8329580569470176,0.1472117630855131,512.8428692764313,0.15126140516947242,15.436259534645195,1190.2375914349775,1192.0922878600654,1187.92611612715,1173.3497197493555,3.989040467529183,1.8731089109829056,0,0,0,0,M039,2.88,battery
116.80000000000001,1,24.864273031646196,7.324981425104953,0.9273174280584612,16,0.9360765150599881,0.9497032021665069,475.657042246909,0.3920313309833291,15.669967295461458,1175.6693453068126,1161.2427889248806,1220.738423366776,1171.4555798459448,0.8707453000033321,4.90985083684555,0,0,0,0,M039,2.88,battery
116.9,1,24.888148579139507,9.882858127936036,0.9272899851469637,15,0.8175324982161303,0.6355483238887941,512.6561935005084,0.27953090175386963,15.884179986247185,1196.0468701988675,1193.977384709323,1194.7885850768143,1155.343810648239,1.3689939203881305,3.839790351318286,0,0,0,0,M039,2.88,battery
117.0,1,24.850414667229735,5.453226580660157,0.927261349347469,17,0.9047217691370354,0.9232533457992903,520.5303162256937,0.1861560651709371,15.467197455768952,1215.5682226113397,1160.5045707072893,1147.9562831778196,1207.5256261180098,2.5345864480102636,2.936924658123268,0,0,0,0,M039,2.88,battery
117.10000000000001,1,24.71942259083008,14.21199568171988,0.9272233599222577,15,0.9101470273159843,0.15091219194202424,508.03613950522333,0.036557197419007245,15.906460620707144,1184.6394174287652,1183.64718851845,1228.9766490314087,1221.939090580654,5.032842194351364,6.2436016613347025,0,0,0,0,M039,2.88,battery
117.2,1,24.4620840760341,12.812582233504543,0.9271895982540324,16,1.1309196580319725,1.1193749183184925,474.6491829867987,0.0678417938668957,15.856943850913837,1224.2805389905254,1192.9484367765451,1187.5862113506141,1178.1385191792663,2.9127565969793863,3.0402602904479874,0,0,0,0,M039,2.88,battery
117.30000000000001,1,24.843676264757494,5.4557887399284,0.9271563740557538,15,0.8500512040940635,0.36409830840484936,488.7981888003546,0.20916673500183147,16.20522678333317,1176.8000188485314,1188.789153498719,1231.4568097090917,1224.7495194230025,3.649489490879956,2.69176395363762,0,0,0,0,M039,2.88,battery
117.4,1,24.67273158239653,9.793961531058805,0.9271245744460395,16,0.8865368700255278,0.9011599970104894,490.48985765147,0.09603950059532058,15.396481926618675,1196.014147156223,1179.5297519243923,1192.6882862131934,1193.5504865579674,0.4186050712557471,1.841314226582505,0,0,0,0,M039,2.88,battery
117.5,1,24.701927086089096,12.182380120935218,0.9270963141450941,15,0.9764346468686312,1.1085204274885392,492.41740781270374,0.12227309900028158,15.242173049196747,1222.5098039746342,1196.7817998821606,1229.3330798832958,1195.532879265755,3.736282687111655,3.4185454056097955,0,0,0,0,M039,2.88,battery
117.60000000000001,1,24.935698298910538,5.279803290313359,0.9270710616715756,15,0.9265627668947837,1.297293598938293,515.8437733480878,0.04379194776611589,15.342062640424711,1240.0204032015051,1209.4850772543264,1213.630363530325,1187.585878448998,5.1793771092387395,6.508600274155539,0,0,0,0,M039,2.88,battery
117.7,1,24.522500517503023,4.028396060716048,0.9270462225953928,17,0.9249532971209025,0.48044974776519717,484.3008411713111,0.14655262173046893,15.479378845950936,1189.4043267997602,1206.325483825885,1214.8189357676792,1194.6989188499228,1.5242993001051675,2.77836841502449,0,0,0,0,M039,2.88,battery
117.80000000000001,1,24.67511077085797,11.85400365196974,0.9270115557883389,16,1.1658038862387374,0.48007134531556006,514.1230148987495,0.14709588007541313,15.495413365348618,1211.8645195944407,1230.4894656704855,1259.0371692589108,1171.0044168317502,1.5309135801040743,3.0138051542903552,0,0,0,0,M039,2.88,battery
117.9,1,24.53331045957662,7.906705179815673,0.9269825063213014,15,0.8756815136373224,0.9516622954750837,491.7061126711969,0.12821264644928027,15.583648745347203,1200.9414279674063,1203.4550401352467,1185.9651740146599,1192.2799240212748,2.0317557657493284,5.876562895664177,0,0,0,0,M039,2.88,battery
118.0,1,24.554612569321435,15.467898497817773,0.9269582617202532,16,0.9626980123460438,0.7162138924906783,487.3427130072208,0.1924232199529432,15.730459269587723,1200.7221693433576,1200.292285718052,1174.6191938752975,1171.5844257768733,2.052056793977005,3.806350561791065,0,0,0,0,M039,2.88,battery
118.10000000000001,1,24.525572346701193,15.531588467634254,0.9269316180725851,15,0.9241577592972613,0.8405123961170542,496.96356397771166,0.2584067418813362,15.811935283740821,1187.666055322932,1174.1146914412307,1187.635318062825,1193.4680527097319,2.4432803961048344,3.236116954758998,0,0,0,0,M039,2.88,battery
118.2,1,24.798237131080427,7.988723462853226,0.92690283550899,17,1.0754908536259256,0.30872995436086603,499.52228226912484,0.11734356766817193,15.665716697514371,1198.769048085038,1216.038961815468,1203.4070658692215,1191.2173789409699,4.538376118589912,2.5323815668015577,0,0,0,0,M039,2.88,battery
118.30000000000001,1,24.743727924191468,2.749019585424807,0.9268787018061098,15,0.9193126702474846,0.6225380637246237,506.6012524022439,0.2425479859235618,15.357939106476357,1225.7201427462599,1199.8290349813863,1229.4161546935645,1199.9731348995763,3.377833052706248,4.699064592153426,0,0,0,0,M039,2.88,battery
118.4,1,24.750093791906547,13.918161652734199,0.9268419405833792,17,1.0134175854796696,0.6558935046697957,505.12171329231876,0.03703399236631001,15.621583907501938,1240.1144043680265,1183.044976560266,1217.51973767396,1203.649505101646,1.5424199290966016,2.5410680342781315,0,0,0,0,M039,2.88,battery
118.5,1,24.6941494160559,9.570581443714783,0.9268129553974407,16,0.8968834516708362,0.9388574552199956,502.4095126506581,0.10771992480446932,15.563080278928691,1192.543861974239,1157.747499129445,1182.5911212546048,1197.9681775726858,3.850725155974274,0.6033254756239699,0,0,0,0,M039,2.88,battery
118.60000000000001,1,24.72171724810046,11.178390707499762,0.9267801283525586,16,0.9224151258875645,0.25930283774310153,522.0952107245271,0.19313482918015723,15.829780498632125,1190.4587697531547,1214.8573378823571,1210.8168708827616,1226.5946756611384,5.443791001560877,2.273263293692336,0,0,0,0,M039,2.88,battery
118.7,1,24.699616106216908,10.615234786664459,0.9267519738313379,15,1.0449450263020235,1.2775275737301288,504.0167280458414,0.025660248690420856,15.717396733133839,1191.4659584890649,1183.1632626959492,1226.6948882410627,1190.5497878552771,2.268426855924511,2.258548013041908,0,0,0,0,M039,2.88,battery
118.80000000000001,1,24.668858647480505,14.806510135353438,0.9267122997824758,15,1.00582618826058,0.30814000255571355,507.1820070284229,0.015764859642985917,16.335180608900053,1224.488558829365,1179.437995544441,1179.6688915610457,1201.083506038243,11.038086655264987,4.469448022100069,0,0,0,0,M039,2.88,battery
118.9,1,24.633580127261524,8.234506614057043,0.9266834187327833,17,1.1395327116832064,0.7264103114635929,472.92976406879404,0.1993667283014922,16.371088671540427,1196.9099056875923,1157.2024141028132,1222.4385590914528,1208.5345040198185,3.9207165388514023,2.6653661128947133,0,0,0,0,M039,2.88,battery
119.0,1,24.87605912308421,6.729198084428694,0.9266538715461464,15,1.0832697844808221,1.3748337669343842,484.56632676464227,0.025123258356806972,16.149286466042746,1209.0527430385093,1165.3767551182038,1188.0966429924592,1231.5591450119039,1.5054018866979146,1.843133918265183,0,0,0,0,M039,2.88,battery
119.10000000000001,1,24.85522551422481,11.597763882858342,0.9266171194471791,16,0.835339634630108,0.8529268787338284,493.01390192848936,0.07035574105227951,16.18580971989449,1202.0022610358785,1173.2433224082595,1210.238285936338,1219.783312172705,2.738401839041185,4.99489557147167,0,0,0,0,M039,2.88,battery
119.2,1,24.73332722979251,11.709895772056425,0.9265879836099515,17,1.1985689654906908,1.2236215991029684,472.31036239119265,0.08900763254188876,16.57245857588512,1220.367930575074,1206.9065598147197,1196.5933975581943,1228.092383622885,3.537106113521668,5.938249248319699,0,0,0,0,M039,2.88,battery
119.30000000000001,1,24.653715265003527,13.211342076138202,0.9265602899423789,17,0.9335485268569746,0.5822045147095716,483.2313557498987,0.03634381211390666,16.413942047470417,1187.950625867495,1210.2290640622364,1183.6092172729411,1215.6329464686244,6.071252207441842,4.616441171101581,0,0,0,0,M039,2.88,battery
119.4,1,25.002679128109826,14.085629260160689,0.926525855669063,16,1.0524298813448516,0.23203419120185123,476.3990493886073,0.11285678895272869,16.382453432528656,1169.1658587210443,1179.705361013278,1229.0814600012568,1215.182501960468,1.3803469869939096,5.992041065132504,0,0,0,0,M039,2.88,battery
119.5,1,24.554295244038922,16.242864990055644,0.9264861372266071,15,1.0668053015656487,0.5955001078058733,481.61262026985776,0.08459584069053264,16.44442094458272,1201.6790863711901,1210.0794757797391,1187.813922753423,1141.8822932140677,2.821145194915341,3.740338334142762,0,0,0,0,M039,2.88,battery
119.60000000000001,1,24.6859980330775,7.867265301537969,0.9264555297304298,17,0.9104595775927826,0.17752136528934231,508.50903198286824,0.04654420921319732,16.15655421134148,1229.0106889677402,1215.115326633437,1236.9931950133807,1166.6002785086534,1.462289702233817,1.5233918372959057,0,0,0,0,M039,2.88,battery
119.7,1,24.582828023128084,8.718402231212048,0.9264232345501832,17,1.1173705356416128,0.17976166493310253,495.2006488918711,0.04918719393077689,15.845511850801739,1227.464879223145,1159.4323942611222,1146.6606171663543,1244.9357356425708,2.5842311523845467,4.747786339416016,0,0,0,0,M039,2.88,battery
119.80000000000001,1,24.920707900982602,8.989717956470692,0.9263934562427018,17,1.0271846221658605,0.48837406772132297,500.355186418943,0.2665661378138658,15.627205417517361,1174.4973472348272,1206.6836425599956,1227.1928071132531,1191.14708144035,4.826024153813224,3.480186278848164,0,0,0,0,M039,2.88,battery
119.9,1,24.691430269516783,5.878451632584852,0.9263633103033643,17,0.9620024767908267,0.5146751116532202,469.81643448544554,0.07078554877790295,15.537686411784591,1188.5720061474617,1227.7425084124993,1206.6436456161803,1195.6864020429448,0.6047913209819525,4.355203228165093,0,0,0,0,M039,2.88,battery
120.0,1,24.691481843403455,5.619735830714967,0.9263283678735788,15,1.1708143287160646,1.68689271035784,488.78223864750044,0.1198499573618228,15.83955422521285,1190.2698327292112,1211.1146272016817,1233.6357318734292,1194.5080839709112,0.6553753067881684,3.9963038343390624,0,0,0,0,M039,2.88,battery
120.10000000000001,1,24.74586431817376,17.530213166861525,0.9262892984137697,16,1.1082007466401929,0.7500220298662673,491.51511897882506,0.08212860781664746,16.179051541018065,1207.364793949202,1221.6598704716719,1196.9234689758416,1185.396197510371,4.448391268471402,1.9480006725077361,0,0,0,0,M039,2.88,battery
120.2,1,24.876217000167507,3.8065416920324253,0.9262571094126688,15,0.9531174160383875,1.3003434143889971,480.5177280530753,0.10122891890354681,16.404166754229465,1189.4820165980216,1172.5127728023733,1203.9963431757938,1204.6633664003655,2.1918484087723358,2.4088149895118196,0,0,0,0,M039,2.88,battery
120.30000000000001,1,24.801689087020193,6.940766799986794,0.9262251635096104,15,1.0305431513182874,1.5732992446031728,512.1004681966343,0.09012797543670047,16.78501722918075,1238.0381705475347,1202.9861063416365,1182.1976471295222,1188.0957404594453,3.9594160619365883,2.9872008806456565,0,0,0,0,M039,2.88,battery
120.4,1,24.772754614742425,9.821594869418025,0.926198558017491,15,0.9220763038712846,0.3419956055148981,470.6221796057941,0.08786894775503587,16.794172752032964,1189.576486472871,1213.2587167684999,1188.0050859352143,1198.0838067899945,4.392716155031561,3.3905268770302106,0,0,0,0,M039,2.88,battery
120.5,1,24.575043321752442,4.086742728284534,0.9261682454434944,15,0.8371132030117305,0.8811463150402237,511.0426561503739,0.1357720157086996,17.058646236009192,1211.0761796219394,1192.6508633268672,1247.0655677315767,1205.795368617195,5.35765295577185,4.738351996688156,0,0,0,0,M039,2.88,battery
120.60000000000001,1,24.762994282135896,7.868868104861792,0.9261359111847312,17,1.036751935906909,0.4676257206303737,552.7200487474679,0.13855170272563308,16.722899012047833,1191.884241707419,1205.2930713395324,1212.1862621985665,1228.9172722536814,1.5994119392985409,2.520398289793209,0,0,0,0,M039,2.88,battery
120.7,1,24.78427086630895,8.871563945335804,0.9261090030363075,17,1.1644930740692292,1.1696091877356847,516.3743511293012,0.10886928748125096,16.928509643730674,1175.8689964784462,1225.5348880905021,1202.799782228729,1190.5936242416906,1.376559094506148,3.724097238212461,0,0,0,0,M039,2.88,battery
120.80000000000001,1,24.75272507923164,15.877720717910993,0.9260700005593465,17,1.1061757390068296,0.4363078550259455,501.45000212603867,0.17674820946393893,16.954441371330965,1205.0919707176552,1174.9148738174126,1156.6390936853954,1233.839155873416,0.6168087065788055,3.466803731093298,0,0,0,0,M039,2.88,battery
120.9,1,24.808715109291725,10.764780643732239,0.9260339498441373,15,0.9604396720040999,1.7390732972821894,485.11834029197433,0.008930431141220161,17.219528869257008,1182.6504602236255,1173.3804708954603,1208.4755367824055,1190.6463509043558,3.382584957842467,1.5130390734826142,0,0,0,0,M039,2.88,battery
121.0,1,24.96363436661718,10.004685071451977,0.926006136377565,15,1.0456408525467307,1.588042912944999,522.8079924201938,0.10366928154458631,16.86644417519721,1238.916071115165,1208.1258547452885,1227.1473478370067,1193.4666596904688,2.0156056033145444,3.8680058425877135,0,0,0,0,M039,2.88,battery
121.10000000000001,1,24.74329603624467,6.995227305840096,0.9259748992720633,15,0.8352104769366102,0.2243346213336357,482.95604725330145,0.14441063723157285,17.024853589765083,1207.6984133899994,1163.140500868279,1211.2613757643005,1181.023250522919,1.4669349905136064,3.1048906551858177,0,0,0,0,M039,2.88,battery
121.2,1,24.569407107914927,13.513203096970226,0.9259455840655268,17,0.9492849595538541,0.6741795090486818,487.94403285566835,0.2025773439945564,17.443300073978158,1214.651217979895,1211.2325648789192,1200.2248140258835,1210.0697931009654,1.0957630282614566,3.3753459534173773,0,0,0,0,M039,2.88,battery
121.30000000000001,1,24.92845939668603,4.853154973889463,0.9259164643952681,16,0.9553001173990113,0.36438190382359353,477.67247231178123,0.11960560450985679,17.2474178500419,1198.6029251506804,1198.7177826133218,1177.1918602454489,1177.3175277813843,2.7954616685089073,1.982545485819314,0,0,0,0,M039,2.88,battery
121.4,1,24.8182267248162,9.569333113517219,0.9258752032274482,15,1.0664282979302175,0.04482102011439141,497.7345177269038,0.2549137420585229,17.55201926641089,1201.0316773101745,1204.7143174805383,1198.012619789262,1208.7790878380438,5.057076070690783,3.3172870709962927,0,0,0,0,M039,2.88,battery
121.5,1,24.562888493512663,11.326168638141768,0.9258428119734853,16,0.987661853575835,1.6830462055372049,497.96716874862403,0.12101286321864155,17.651427926264034,1190.7356031561694,1156.4219710174093,1213.0291631807163,1158.747230057322,3.418497794022969,2.9730508982684425,0,0,0,0,M039,2.88,battery
121.60000000000001,1,24.550376457559665,6.7120338484252775,0.9258132894438129,17,1.0453653223809962,1.3483364576236612,529.0198413448893,0.06519863702739348,17.897409305827328,1209.9324197722058,1210.8129723585357,1211.9513618310748,1199.2843773399325,7.040484725907785,5.404922615912245,0,0,0,0,M039,2.88,battery
121.7,1,24.792631138760456,3.1173705946964274,0.9257821343140422,15,0.9816717051400315,1.3982021343207403,484.97175590144894,0.1397544026127405,18.056349382249266,1212.3359747283168,1184.5446677389466,1215.053425120559,1211.261276349658,6.840055766587682,3.2991201432685218,0,0,0,0,M039,2.88,battery
121.80000000000001,1,24.762749930651466,4.937969772000801,0.9257523731578414,16,0.9949416113863442,0.3153956936489998,495.3076154783337,0.1821751964828609,18.27802549853129,1186.403408333563,1220.6057473911267,1219.045221140864,1187.9909727035997,4.835787347702084,1.4930634307780266,0,0,0,0,M039,2.88,battery
121.9,1,24.50944120883246,13.343794790369142,0.9257162879858567,15,0.9497256531868772,0.4072005855804852,516.2284590519498,0.3218659786511726,18.47312926829549,1200.955122832776,1179.395834511032,1211.0058019845728,1212.872630350602,0.8750256903112177,2.6193289665903663,0,0,0,0,M039,2.88,battery
122.0,1,24.739760090300013,12.978017640651592,0.9256781971907415,16,0.9851164825840995,1.622883620652744,490.04602382742735,0.12190935123024384,18.73006281448047,1190.6300894815054,1204.7208049036617,1209.4550271464125,1219.3386675363251,8.736284701735077,2.6448159261229662,0,0,0,0,M039,2.88,battery
122.10000000000001,1,24.73843200002318,7.154442765088178,0.9256496763883396,15,1.200152580781542,1.3099734677816488,491.15182529855684,0.11144354271120674,19.325650905322593,1227.8970391569856,1162.2684541529384,1193.4092096629404,1205.8124536611826,2.3617984292856966,6.4040399644100905,0,0,0,0,M039,2.88,battery
122.2,1,24.74577027228259,15.660236730271905,0.9256184742151214,17,1.0896106677472215,1.0298586397857326,522.2506967182067,0.2687974113544052,19.368487933858805,1207.3930133268736,1225.0319445267291,1153.5464755833193,1198.8321205530533,4.602410486684346,3.0515241905407025,0,0,0,0,M039,2.88,battery
122.30000000000001,1,24.86333041055246,10.005195884662886,0.9255896425781536,16,1.1649634471868637,0.37277543471511554,516.1597139782353,0.04784551752917944,19.022779715469923,1192.1767539126047,1250.8088638807553,1225.9292688627097,1186.050274734446,4.2718056848180765,2.163639970624845,0,0,0,0,M039,2.88,battery
122.4,1,24.76907383093573,17.647981599204698,0.9255636913750397,15,1.0104248970037943,1.7876471202474278,495.882533942777,0.12870651241489736,18.783388342903958,1200.0693242351072,1204.646545120511,1199.2608911677664,1172.1884082670294,5.57576408093734,4.438125565997064,0,0,0,0,M039,2.88,battery
122.5,1,24.638268576493815,11.844707665517568,0.9255314914740134,16,0.9933576083677671,0.8547084607764461,523.2883884837287,0.14152865950938248,18.807054965104946,1218.9069484577753,1199.980596779206,1201.1780965147357,1186.9448256014584,1.4152546427994164,4.490255231543796,0,0,0,0,M039,2.88,battery
122.60000000000001,1,24.713990882843955,10.126467418691007,0.9255006002322297,15,0.9011570507533799,0.9174231116703329,486.2194212266034,0.04905272331298463,19.290699635599616,1172.2553210636468,1237.2533200165633,1180.576645479453,1212.3998660503448,5.366420940893529,1.6029448400615942,0,0,0,0,M039,2.88,battery
122.7,1,24.5848838521057,4.8110430928563215,0.9254717227554426,17,0.9630549741458163,0.2376308899168976,509.85622212970026,0.1577468404720228,19.105916149101184,1183.758796347015,1249.1842906348263,1209.2199485856825,1220.1890759994628,1.8975462763355753,2.0802681964166894,0,0,0,0,M039,2.88,battery
122.80000000000001,1,24.584274625056736,8.209831435461435,0.9254433391303276,17,1.1217419963035251,0.9133555037487847,505.19420993067274,0.06446443700802713,19.035252250833736,1170.2826654831906,1186.309956200421,1195.3613606702795,1209.8329359017507,1.573801896009274,3.529035612435401,0,0,0,0,M039,2.88,battery
122.9,1,24.796783416999943,1.5911726764560283,0.9254140689244469,15,0.9691413099551254,0.4259432806984402,503.2483316044479,0.04273220084914326,19.662203949704747,1189.04035408403,1175.2123588538138,1213.1418216384297,1183.6526539813112,1.5315546207877797,2.944197361920218,0,0,0,0,M039,2.88,battery
123.0,1,24.66602801732574,14.838321521769622,0.9253857577715141,16,1.0125821127048078,0.4654999248454706,497.621601506739,0.033459186336565944,19.34293227195515,1218.3648303168013,1178.5969848554078,1205.0912443885904,1171.2034379100462,3.4305407259951597,3.106989240706398,0,0,0,0,M039,2.88,battery
123.10000000000001,1,24.71443925989602,8.235131962743285,0.9253573124984279,17,1.085457864301092,0.41100782210133685,484.44399573124787,0.23736598457431637,19.736740543205325,1187.813823190624,1205.7247940359707,1167.8611733748423,1197.3120542559054,3.4219813298140105,2.453828834981544,0,0,0,0,M039,2.88,battery
123.2,1,24.657013107194587,7.22649928318267,0.9253317739530018,17,1.0825213535550946,0.8420249449035097,499.92181345135833,0.06619867030534664,20.186760998524,1204.0770893616448,1228.0816321009447,1204.8084809911174,1203.5558556390174,1.544670215606474,3.067940594949538,0,0,0,0,M039,2.88,battery
123.30000000000001,1,24.901169128050377,8.754544735170471,0.9252979468154109,16,0.9344868369888306,1.2220809555906025,508.1440829686903,0.14152847936778254,20.256955153864958,1161.9822289776525,1199.9234531226316,1181.3464455330156,1163.4890324739677,3.468269917289697,3.846491148664531,0,0,0,0,M039,2.88,battery
123.4,1,24.68384738163491,9.942870971452606,0.925271973225337,15,0.9414643752888017,1.4136932387820882,495.82961557781624,0.18543933952963337,20.320861286284522,1221.5322081024406,1222.585674619169,1221.1219450470314,1206.154330082579,2.7665580944177477,1.807299097570628,0,0,0,0,M039,2.88,battery
123.5,1,24.813086760462898,10.37694700498875,0.92524525065389,16,1.07947400139972,1.129763476273654,484.75196045751994,0.09014914274994885,20.318538998560552,1194.8505389381423,1201.047158104074,1160.2318069946268,1200.2538586338278,2.0941213029083663,2.382730655321715,0,0,0,0,M039,2.88,battery
123.60000000000001,1,24.515157250154743,13.357319234520958,0.925208734283977,16,1.0325706001976906,0.8033934687522191,486.787270152746,0.07691773910657457,20.2669606649453,1180.8333646637604,1171.067567136924,1227.2486699581434,1200.3419684513312,2.39527428366833,2.0374553018123933,0,0,0,0,M039,2.88,battery
123.7,1,24.8261684036361,6.692888274099871,0.9251846443653596,16,0.8482273920710649,1.3215725552992175,466.647279543992,0.19688952206997026,20.102699255354565,1159.4548549077015,1224.448971119492,1192.7185513157506,1205.3228453716793,6.939291979648434,3.4102252122843906,0,0,0,0,M039,2.88,battery
123.80000000000001,1,24.846502513622625,2.3645198465783874,0.9251425789299548,16,0.905615109654328,1.7701067672468538,494.56145403705517,0.12220913239047229,19.969656000891817,1189.7799400685155,1231.9363149522324,1168.7991584805548,1166.627975898941,3.143153743704179,4.166888879574809,0,0,0,0,M039,2.88,battery
123.9,1,24.538528427304577,10.723223043060965,0.9251078365401599,17,0.9187319949838232,1.9639130372813802,539.7248476122858,0.14394922373594454,20.00731475079054,1138.045109950859,1197.202315040399,1178.2250717179295,1232.4864417306683,3.593040161748892,4.714936381621283,0,0,0,0,M039,2.88,battery
124.0,1,24.583208711352757,13.00502446365121,0.9250782431612523,15,1.0530389725776013,0.2224011448454557,488.0291793184517,0.03640001024106955,20.504624337233928,1216.153075746766,1205.1224744943888,1203.5483119952098,1160.99179504941,3.008635797277885,2.287126564718433,0,0,0,0,M039,2.88,battery
124.10000000000001,1,24.510903971866444,11.074684110417401,0.9250456666379433,15,1.01152523807514,0.35933931734898295,507.81666024042,0.1721111762020079,20.221327022233485,1185.6601422520703,1199.127089972852,1234.0931592753655,1153.0346244249301,1.6479952794987305,3.767078215285575,0,0,0,0,M039,2.88,battery
124.2,1,24.84630652773833,11.03825077698575,0.9250125968001637,17,1.2843350777308356,1.1117096967120255,488.78591489865244,0.10465931918818233,20.30741706194428,1206.5806735026165,1184.8679658131389,1213.2768181418,1219.550336991818,3.2503036767988016,4.917849330372894,0,0,0,0,M039,2.88,battery
124.30000000000001,1,24.41502743791234,13.900341135272953,0.9249728225929527,17,1.0819632298916388,1.141746789777613,469.2355612340327,0.17377524286438253,20.049441131417073,1189.689392691753,1197.594509119848,1194.644419541834,1181.38747755204,6.00035927178912,2.924371991838192,0,0,0,0,M039,2.88,battery
124.4,1,24.54932833849276,17.05069579543828,0.9249399579978346,17,0.8890410822659269,0.6430632319749312,479.1802771530373,0.12894507984627163,20.04959692075922,1235.3400729668015,1238.4158615563574,1136.2302618128729,1173.5596846617618,2.2711752669521115,4.366517788389459,0,0,0,0,M039,2.88,battery
124.5,1,24.796682011793262,12.477478474443632,0.9249139931632976,17,0.978901345987373,0.8055449918443818,509.59461881329804,0.2830119665004127,19.9364235328174,1172.2095923681816,1189.613796731281,1185.7319840707887,1217.5679635621539,2.126657743345169,3.289732259668268,0,0,0,0,M039,2.88,battery
124.60000000000001,1,24.89952603827518,13.937137711303198,0.9248783783097175,17,0.9931178077830094,1.1065196726267876,495.85427663386463,0.09103460491856447,19.875652466095513,1170.2249716709648,1173.6931400358246,1202.8390801847106,1200.1834641321977,3.803017911256267,2.5783967309181035,0,0,0,0,M039,2.88,battery
124.7,1,24.7911189998046,6.353108820290636,0.9248425442652004,15,0.9644254097457703,0.39720712114423806,503.1828733778439,0.06299881291671992,19.78076598787719,1204.9752739780104,1186.1540027847984,1253.5211911908493,1215.1302854056519,1.6956570410440812,2.3348594307267674,0,0,0,0,M039,2.88,battery
124.80000000000001,1,24.921393120133587,9.135897074861285,0.9248146163845915,16,0.8860327057127254,0.7481719682209602,491.9222585127861,0.11180863181778763,19.522840548971246,1180.0173654916637,1208.8220452908997,1160.9122788935397,1198.7864451102957,1.6352800526664262,2.3553606944356744,0,0,0,0,M039,2.88,battery
124.9,1,24.474025118092023,7.800806461618484,0.9247881709215117,16,0.8555179801306992,0.7609317442895291,495.2434203942728,0.04075803288642275,19.682701202978734,1209.1624273226487,1173.1342785264526,1144.4319753587822,1177.6471972475824,3.5540118557203133,2.3151907064226345,0,0,0,0,M039,2.88,battery
125.0,1,24.748228263963547,11.085122442166636,0.9247547023065653,17,0.9833577910830664,2.5595371783270275,509.9271988465964,0.02098203274967973,19.73651103152392,1181.9499323280704,1209.527820973341,1225.6394656973912,1168.757651555627,2.176258215286703,6.1137693815924266,0,0,0,0,M039,2.88,battery
125.10000000000001,1,24.68755210838864,6.682889023251706,0.9247246865604035,17,0.8556954271711943,0.42927427085297554,501.05285829657436,0.12748061871885835,19.17743570212293,1216.9649623630137,1233.9197230666848,1216.6343127716145,1226.5168067884608,2.3446378040448383,5.025746827651867,0,0,0,0,M039,2.88,battery
125.2,1,24.686235021436286,11.530016049799972,0.9246957681585479,16,1.052875338137056,0.8905273306035653,552.8398643421582,0.08385415291160654,19.463850745409644,1191.1249089332598,1204.1621103555806,1204.8645959845976,1177.5150664991256,3.976879706035831,2.3774240791122234,0,0,0,0,M039,2.88,battery
125.30000000000001,1,24.627978869644625,7.115784143125261,0.9246637000409703,17,0.9020186010399617,0.8054496703127145,494.9148191524427,0.11641994263375388,19.867093263130272,1185.7999781843048,1205.6415665906982,1166.4915800977324,1175.1987347866975,3.1198742991621815,3.1047124746144803,0,0,0,0,M039,2.88,battery
125.4,1,24.579062060032594,14.041410465672051,0.9246274139201024,16,0.9595262652478835,0.5327966611976587,508.56064481804617,0.20378511094538437,19.93214813313238,1195.0723587854905,1193.554261162233,1139.7640114520896,1184.8671106176619,3.6804613969416136,1.7257044934880974,0,0,0,0,M039,2.88,battery
125.5,1,24.490939560310917,8.534844230015173,0.9245874453236456,17,1.0516838251306058,0.5767525285754761,520.3750163699319,0.22522457610460997,20.18134276463957,1254.9838397087592,1173.2169916404969,1206.3359653831417,1216.977594796071,2.031872547982502,3.012871995012131,0,0,0,0,M039,2.88,battery
125.60000000000001,1,24.830935855141885,12.828278823052875,0.924549861635751,17,0.9882509694716195,1.0728843194782958,510.91803279545286,0.03430353824666867,20.114237772118184,1155.8609829865095,1181.826821591799,1218.548016321405,1194.9917208934487,4.328218201959525,3.509119934645108,0,0,0,0,M039,2.88,battery
125.7,1,24.716145711291013,14.450262383627567,0.9245108630720302,16,1.0116060546358034,0.362604945654299,497.8168753983467,0.1824486177958018,19.939894114857257,1193.5337406649107,1228.5395416550239,1237.4072273363124,1173.7022239637013,1.5653020038571848,3.4569847988349376,0,0,0,0,M039,2.88,battery
125.80000000000001,1,24.66092491347537,10.959255695640648,0.924476331399982,16,1.1085493682899898,1.3437570704513082,504.3749193521703,0.08439004735369118,19.758965313612638,1200.5290771099706,1158.5526116516114,1220.8793728312585,1235.5705667295083,3.375842389480713,2.51117865188991,0,0,0,0,M039,2.88,battery
125.9,1,24.704846193451417,13.847709587794881,0.92444586051134,16,1.1604661746520435,0.8456455289112395,536.6787025662293,0.12101575968251838,19.454902274877508,1180.1781800772276,1184.6266858653016,1162.3883624744515,1203.8896601759059,4.40667203281942,4.30442039197132,0,0,0,0,M039,2.88,battery
126.0,1,24.764733958503108,7.571143621353158,0.9244179918316011,15,0.8596517680617797,0.47256856083782506,474.46048208843325,0.0230735387155818,19.11126849061249,1213.0785411599084,1219.19592682018,1219.4161287320178,1175.3699275801441,0.5926884436363725,2.2326660395370856,0,0,0,0,M039,2.88,battery
126.10000000000001,1,24.852909486521177,6.011354467554453,0.9243847761224162,17,1.1583185357341819,0.4078881703034048,508.2896546808369,0.14960337394974893,19.352891514379017,1221.4592525921985,1134.769945470928,1196.7623068338346,1211.8992881893878,4.105109448316296,3.487947131219468,0,0,0,0,M039,2.88,battery
126.2,1,24.72703834027051,7.238469235300232,0.9243550080183512,15,0.8476545797136616,0.6841907333619759,486.27441771444325,0.11155259682132518,19.322050809747495,1184.4698429010846,1208.7786585166857,1212.3095518014745,1193.9478413321483,3.7577499622518875,3.042008782966468,0,0,0,0,M039,2.88,battery
126.30000000000001,1,24.601308779303423,7.751891657633216,0.9243280646233833,17,1.122524543060664,0.6747589271146308,486.8741835719531,0.13246533194513982,18.888034537300012,1173.8977992563046,1224.3399308481214,1187.7915369940674,1192.6600272877474,1.8998836836627027,5.165923315081774,0,0,0,0,M039,2.88,battery
126.4,1,24.655222494980826,6.477090170986984,0.9242897566713256,15,0.8517089524632863,0.514060863276995,504.67909546009935,0.2111977294118343,18.781854731854928,1245.8141928581947,1195.6885204057266,1212.7478165133873,1224.8660643600508,1.2206831691593445,3.071786280148496,0,0,0,0,M039,2.88,battery
126.5,1,24.639503405195,7.48836079545921,0.9242551759319599,16,0.9103831749150829,0.7840047748494968,478.8921931755367,0.17705090525569994,18.636708399835197,1167.6299855620175,1222.2476835711218,1192.4840052355887,1217.3080698165013,1.827732770654409,2.955562433157104,0,0,0,0,M039,2.88,battery
126.60000000000001,1,24.44751857425042,7.486248075595395,0.924221417365627,15,1.0258785281129692,0.19651015226164484,511.59041345664446,0.03643568628411012,18.75010738272287,1191.144057652093,1210.9529763559392,1178.0331876421715,1182.8460308510614,1.191142536571356,4.873229170263236,0,0,0,0,M039,2.88,battery
126.7,1,24.510688447591047,13.5717386506737,0.9241767797946994,16,1.1416616825351755,1.205265682434339,486.2735964275689,0.13976634937315116,18.77053753602566,1205.64366572667,1198.7861725000203,1257.342523505173,1218.717229976426,1.8620671762414225,3.5316573871870287,0,0,0,0,M039,2.88,battery
126.80000000000001,1,24.86420910700238,11.611402207623485,0.9241452140335574,17,0.8776460974565863,0.08675865977246504,520.3797246685692,0.16195644296665795,18.82258384725186,1208.4256124864228,1235.6260653760921,1211.3079952414785,1241.7707454360432,1.6236762932885602,5.624088714094157,0,0,0,0,M039,2.88,battery
126.9,1,24.692565602229234,7.899315772902061,0.9241156413747944,17,0.8437710575752438,0.24274328320194158,500.18455851670785,0.18375125650398744,18.42511818659908,1199.1964266680736,1222.4933708036795,1205.9690702680402,1197.12769263013,1.1681091278095275,3.742160418152965,0,0,0,0,M039,2.88,battery
127.0,1,24.485264212148927,8.37107456249991,0.9240788253277921,15,0.9930604662143859,0.44170865798259207,521.671219969996,0.2630389473402008,18.918081069026286,1148.4272880534122,1233.1283700063275,1188.7140437455464,1189.7261989869774,1.8424079190228888,2.158761875028281,0,0,0,0,M039,2.88,battery
127.10000000000001,1,24.7997068820788,14.163629020358664,0.9240473563873195,16,1.1637541202054253,0.14965440360584087,488.85745145378235,0.07846108777489796,18.714813086994262,1200.4489954365688,1247.4917448397875,1192.201447216597,1228.5397917732414,2.6062287874095005,3.738483778768332,0,0,0,0,M039,2.88,battery
127.2,1,24.610015667419294,6.627335973307457,0.9240214784902478,15,0.8797688869982284,1.8380952966156106,512.7701984309531,0.16974877832726193,18.90849740302328,1205.0693353018173,1197.216846908173,1197.648363528792,1214.0452663151407,3.809686195403049,3.7812042908160723,0,0,0,0,M039,2.88,battery
127.30000000000001,1,24.605832570605855,10.47690600202149,0.9239903663806519,16,0.9121339002334827,0.282224636272093,491.74766142736803,0.0759282829097071,19.128015243233303,1178.753161105204,1186.776990554857,1205.1825852014342,1129.7053608130755,4.207898742484099,3.192006321535441,0,0,0,0,M039,2.88,battery
127.4,1,24.90027475830932,2.7901485915219713,0.9239645122608373,15,1.1358415650859681,0.7037878869181464,501.96373029266005,0.12934395175945151,19.380972405291832,1221.983822830571,1163.6160339079304,1216.120298344639,1258.0450874862684,1.186244764072399,4.654885673146795,0,0,0,0,M039,2.88,battery
127.5,1,24.87699057958643,15.373357898731765,0.923932779468756,15,0.9870906839885151,0.7144066011401259,547.0711429190388,0.19402563249985944,19.54619974492999,1209.6699224679924,1208.709837664618,1200.9311133473097,1189.7255039125037,4.926806885240691,4.327846092228139,0,0,0,0,M039,2.88,battery
127.60000000000001,1,24.666255754885203,7.699463796533682,0.9238975827099546,17,1.0053119035796856,0.2449136071774849,475.324517414781,0.12979437841714583,19.281384545913134,1249.2188136581565,1201.1305547713278,1195.3260443579588,1217.3399873089022,0.050030035384022675,3.7055714879898973,0,0,0,0,M039,2.88,battery
127.7,1,24.719608460847883,11.196065577315347,0.923863210835477,16,0.9572474991551801,1.6748099641819594,492.6856305129905,0.20769089708184513,18.968011950611984,1220.5460686059314,1176.3246421464369,1232.0143139857355,1192.2381603891,1.414052872018463,3.245657907693227,0,0,0,0,M039,2.88,battery
127.80000000000001,1,24.827179416643983,7.462101321595768,0.9238396239923388,15,0.9849144209375789,1.216938373263579,527.7167859563896,0.11518452572785588,18.937719604071518,1200.1748345669887,1217.0749748843086,1198.1428086483509,1236.5482680491762,3.1145575725308197,1.9255689425489042,0,0,0,0,M039,2.88,battery
127.9,1,24.592582423803623,14.390787219409278,0.9238031435665635,17,0.8402951958047982,1.4953001777990318,504.21095144471025,0.11424046805805162,19.020160584988325,1208.9137699079708,1210.0843057926415,1216.4402854128161,1176.1768235022093,3.404408884720415,2.4609966964017835,0,0,0,0,M039,2.88,battery
128.0,1,24.548028012370175,9.57312534475467,0.9237732284201589,15,0.9863179924958765,1.4011614830708956,484.2468181623757,0.11319995507960351,18.497041956698773,1186.4146265133402,1212.9567819593613,1151.7884048319697,1182.7085574021453,1.9833048176362764,3.14323212230525,0,0,0,0,M039,2.88,battery
128.1,1,24.67418241377566,9.671684867373578,0.9237438263018732,17,1.01055450536375,0.3966241726673459,513.9631413044053,0.032063157848638855,18.777476943460183,1182.8123286436405,1243.8622417819956,1183.640709151393,1183.634839106152,3.3099309677052555,3.0630909731094498,0,0,0,0,M039,2.88,battery
128.20000000000002,1,24.549261256035216,8.885256277359375,0.9237117618391947,15,1.2074070988863708,0.47395721975663174,507.5619984971789,0.15121925665667998,18.835740821129423,1213.5250278457193,1219.2580962402358,1193.8012756278554,1167.3374516199442,2.1076157921454755,3.1948938050593045,0,0,0,0,M039,2.88,battery
128.3,1,24.70945544119361,2.344419143253729,0.9236841269338896,15,1.4296185503923549,0.6096326700969623,487.7206541449556,0.08759807907793894,18.88765499009227,1209.394838556178,1211.0190747001382,1184.3254023506568,1213.2240920880247,5.179836965160346,3.9236053098055512,0,0,0,0,M039,2.88,battery
128.4,1,24.505431491939042,10.966059050724311,0.9236555856298543,17,1.02255270336126,0.26524782950519593,541.8229152927938,0.1391375116311273,18.93736494317265,1200.5992667347386,1194.0918507450422,1230.679080018988,1188.2482284485275,2.2757232285795435,3.1568175886150134,0,0,0,0,M039,2.88,battery
128.5,1,24.7412786720317,9.236608413781846,0.9236239684942446,17,0.8937449444386913,0.5169425736909247,504.0268377461459,0.08300777769821284,18.823172259767283,1198.0394468606519,1203.3332420901193,1213.3419626112618,1180.2278590247288,9.526440138919343,4.198838658257162,0,0,0,0,M039,2.88,battery
128.6,1,24.709635271755026,3.705072742703325,0.9235992456060949,17,0.8388934089099899,0.043487573549284717,496.23585997784744,0.13913542029883816,18.785526740721288,1203.9960369704402,1185.115471833998,1131.297872297905,1181.9447788314749,1.9011753284532187,2.201065491206102,0,0,0,0,M039,2.88,battery
128.70000000000002,1,24.68927807970347,11.547505237757441,0.9235631413734593,17,1.1053127057604568,1.2536234753791882,500.5269216393863,0.045217955462681515,18.311378200788308,1203.3870633332876,1262.7517546296383,1197.1720683551869,1193.5600552435435,3.053434704895747,4.708556210562437,0,0,0,0,M039,2.88,battery
128.8,1,24.599232317394947,-2.2012255815416477,0.92353494758742,17,0.8985674268590776,0.6030872189036942,524.8480999923257,0.09060178254149881,18.22865111055821,1227.7959700063575,1181.024947619889,1212.232979382114,1200.4555704813527,2.22994946739823,1.605211797116781,0,0,0,0,M039,2.88,battery
128.9,1,24.798898456872028,5.867688816898826,0.9235125124206669,16,1.09816765185821,0.56914364842077,489.4264955040966,0.10661809488404633,18.52847819751347,1191.5125369263844,1203.4836766781618,1181.275620126416,1190.9240848089153,5.029414629659465,3.107551063690416,0,0,0,0,M039,2.88,battery
129.0,1,24.971594399558988,11.592146152333985,0.9234759652382364,16,1.0901299248614227,1.0312664168090966,466.77964318476404,0.16777021405089346,19.08874632725201,1199.609961759176,1172.9664510728878,1206.3763105402081,1230.8475625297285,1.2364213535578057,5.527586895144873,0,0,0,0,M039,2.88,battery
129.1,1,24.603188595590552,4.465801164709887,0.9234433537955088,17,0.9977590185093839,0.43021587122989857,486.92258618587175,0.09539895755575208,18.87978400809728,1214.3382827968558,1185.9946605000482,1208.5335885218965,1191.8642438176985,0.6044720346617738,4.004781084168851,0,0,0,0,M039,2.88,battery
129.20000000000002,1,24.752324511505645,7.413852221469585,0.9234154551418936,15,0.8749869387971598,0.6956152087104195,491.547563155493,0.023199818539830455,18.573740718142098,1157.631811695203,1176.2988086137193,1181.8672550623887,1228.0715969063738,0.5157204350719216,2.05471244513898,0,0,0,0,M039,2.88,battery
129.3,1,24.57217023708865,15.585807427016952,0.9233762614052285,17,0.9524446139590591,0.4570483399027587,493.120191443879,0.15919788171896054,18.51286001674738,1162.2648023785323,1238.6037776886265,1181.7293032470948,1208.924392769193,2.147903885774078,4.769529587818477,0,0,0,0,M039,2.88,battery
129.4,1,24.718962123184486,13.427108219249575,0.923344029250435,15,0.9383335341094318,0.2989852646897613,489.2527191435301,0.26475828769721854,18.140728835324403,1172.5380007041808,1231.6144861580285,1212.4904967660025,1193.897632034609,4.942835872543581,4.0887489168723805,0,0,0,0,M039,2.88,battery
129.5,1,24.612603532297612,7.840002003971798,0.923318601253246,16,0.861656108376363,0.3612030965108545,507.22251775538865,0.09551899875462036,17.90428895264721,1189.4850009008533,1214.2510987485991,1188.8791634093286,1216.0169087809968,2.692013889263986,5.580865811565923,0,0,0,0,M039,2.88,battery
129.6,1,24.827802236904226,12.358771152491478,0.9232896614586975,17,1.0293777943186115,1.2051250657727304,485.04857588793067,0.10309757020539415,17.600726510702568,1230.7543942198865,1164.4075047416788,1205.6323633176069,1223.8656734989067,3.4495763131928303,4.179658889610282,0,0,0,0,M039,2.88,battery
129.70000000000002,1,24.830332405025032,3.8396357756831625,0.9232596212563116,15,1.0729381865644503,1.1819263474446364,504.0325029790647,0.18400381049943937,17.449895563726198,1205.3844771940912,1165.1438535554737,1208.2453833898187,1196.7894210310355,2.887797266670857,4.761504954113368,0,0,0,0,M039,2.88,battery
129.8,1,24.95972455090877,11.628945077716338,0.9232306589310921,17,0.889055227222951,0.27734070290099305,480.9310598479117,0.1025375779273276,16.92241616865428,1205.288437284127,1173.7859389975458,1191.4873805509633,1214.852255929231,5.4723672083245045,2.4208211154031067,0,0,0,0,M039,2.88,battery
129.9,1,24.69469425561726,11.134226114308746,0.9232004310807392,16,0.8619593309474095,1.4921497013140577,475.6264730724197,0.06465955376790473,17.50177106559982,1247.6374310822262,1163.6180526070655,1210.341327949574,1179.616330804696,4.193692365353025,4.213198708204613,0,0,0,0,M039,2.88,battery
130.0,1,24.724777475392084,21.742065900853326,0.9231686978571931,16,1.0252682404274451,0.8417417102005409,471.9593223861992,0.09577111072602551,17.686538988401487,1184.5056485198477,1253.7040480295611,1191.6000313326115,1172.8699926594031,2.0755092256018552,5.102086844511794,0,0,0,0,M039,2.88,battery
130.1,1,24.834681020522027,10.44020859031021,0.9231376272611616,17,1.1295590806124753,0.6893896512813047,546.1137792251543,0.13643015413297244,18.255006546870018,1167.5496752904833,1227.4355663323918,1191.686730499995,1191.3064616303338,3.7826460834033475,4.153309029059162,0,0,0,0,M039,2.88,battery
130.20000000000002,1,24.858292755746895,0.6370216548223757,0.9231081240141931,15,0.930441354898604,0.5226791705300519,488.3757086266836,0.045456959072516824,18.037907358978504,1224.2461454803915,1248.0037942479391,1209.7797897995217,1216.0256260537685,3.6589714771630226,2.9861096617314575,0,0,0,0,M039,2.88,battery
130.3,1,24.775838108568834,15.174626640331217,0.9230756021038405,15,1.0624649051342563,0.30096682720409484,499.21549716306896,0.06227342829305374,17.659995557447633,1210.3483613225235,1251.7290218117387,1223.3182893643354,1236.860741585637,1.8884446427141361,2.861124009501934,0,0,0,0,M039,2.88,battery
130.4,1,24.659324197344827,8.124276487831269,0.9230431947443917,16,1.0342635070719395,0.40538304610833714,519.16045289719,0.16893968655201486,16.997824225021194,1177.9696708196827,1222.0922864184345,1195.200097782903,1166.497268985785,1.9373459392999401,3.5987690647783754,0,0,0,0,M039,2.88,battery
130.5,1,24.761385545913406,13.24055716037974,0.9230040089726741,17,0.8894879177357801,0.22772512215964055,493.8144855270267,0.1544166194093169,16.841383875644567,1188.1613972068656,1170.775009713758,1218.9914718930036,1224.7211066163852,1.4682824848312408,3.0303497432309285,0,0,0,0,M039,2.88,battery
130.6,1,25.04992929827035,13.873718181491764,0.922973215234125,17,1.2360681039816952,1.5247295525606073,499.1896357550105,0.18184235467269377,16.671067765647187,1200.244885069198,1210.529634830045,1240.9275922949764,1174.3580544401814,5.2838596407195055,2.997244598756627,0,0,0,0,M039,2.88,battery
130.70000000000002,1,24.471264109253195,11.748598508041571,0.9229398126401747,16,1.1504827865521978,0.3921897151484265,493.93025320454603,0.04586368239240521,16.92616658993388,1192.506492777742,1202.0757720387533,1214.851487232961,1183.2124173514003,4.695755507782139,2.5476104731437923,0,0,0,0,M039,2.88,battery
130.8,1,24.732724893424407,12.349887565009368,0.9229083428191913,15,0.9956149361178548,1.2741461586683698,514.1181773542938,0.05909405994312526,17.157071296436193,1185.5636576357788,1190.570398610384,1227.1832087360483,1224.1327706682127,3.241438662724319,4.044130936939349,0,0,0,0,M039,2.88,battery
130.9,1,24.82729932524144,12.025853742585864,0.9228786428870084,15,1.1425492862243862,0.4932969504231241,516.8717043829176,0.045683689989464905,17.079730934007948,1234.3904999324754,1212.8767004603728,1200.296423820701,1179.7660595592902,1.7932698585715445,2.7183379267620644,0,0,0,0,M039,2.88,battery
131.0,1,24.75178134846833,14.395205529906342,0.9228442523754068,17,0.9142434717432213,0.5366988810329865,517.2860365774683,0.05031023041639973,16.820537228039203,1194.5191562553628,1216.1223959001009,1170.829789585059,1201.3986456822372,3.7901920457710854,4.229043870654959,0,0,0,0,M039,2.88,battery
131.1,1,24.613737314692212,10.753015681878251,0.9228202248043478,15,0.840133214532431,0.8982488596340042,506.3319613253215,0.06157070630120082,17.04299942453179,1181.0171185656293,1193.741887387324,1205.8393056093228,1211.03447004225,0.8027757650755951,4.4963674578027355,0,0,0,0,M039,2.88,battery
131.20000000000002,1,24.67635158355258,14.001827924234593,0.9227820253377638,15,0.8991063649316731,1.0293149028775708,513.6490652424751,0.12054035391541931,17.172139579157236,1214.3734024193511,1199.1509950828233,1203.311039524889,1232.1876849321836,2.155318289489023,6.412311971865242,0,0,0,0,M039,2.88,battery
131.3,1,24.55409582698679,11.386566952584825,0.9227499963907118,17,0.9488394264958083,1.3263181531285024,487.2644459540189,0.08270348985347713,16.81990500987215,1192.7397601837715,1229.272820080489,1200.9887601248074,1237.9017612289504,1.9163678946357936,3.120762884399645,0,0,0,0,M039,2.88,battery
131.4,1,24.76047070538577,13.50024845373104,0.9227127904047233,15,1.1183216665251963,1.8447354183332654,525.9941368480579,0.0742664141663886,16.87668365473065,1184.7006571212517,1195.1159668654411,1155.8396643038814,1165.967076730805,1.0996774597365906,2.614151117217509,0,0,0,0,M039,2.88,battery
131.5,1,24.628977672205433,5.328116411942531,0.9226777475012158,17,1.0149713494386146,1.1159379724148573,484.55770337290693,0.04553313610062201,17.394935117792638,1213.8808394153377,1152.9589124359363,1232.159805689293,1193.8746703169488,2.8383668005124676,4.891435699949712,0,0,0,0,M039,2.88,battery
131.6,1,24.6449250627926,8.786279284153853,0.9226454027160129,16,0.9686756629508392,0.45195994585069443,513.300993720946,0.06775780555746763,17.207896327573433,1197.2913704532004,1210.3677355551836,1192.3830080295313,1174.3362085289918,3.481202378516249,3.0699954991647505,0,0,0,0,M039,2.88,battery
131.70000000000002,1,24.706462527216484,7.759350222036397,0.9226175188054591,16,1.1556337720656276,1.381311201180251,520.2904522297258,0.0946088053434414,17.865638377234877,1166.5291464926086,1182.904996985632,1229.3520865743376,1254.9141538297406,7.226512864607168,2.404560166981086,0,0,0,0,M039,2.88,battery
131.8,1,24.63120702849077,5.57942388493533,0.9225944877311323,17,0.8903380353374143,0.6328921977578998,549.6815663609809,0.2068961460107161,18.03251310203934,1149.4620274296663,1213.5531651976837,1248.9189508184083,1170.1184892653282,1.8046802629817114,1.9603076158617767,0,0,0,0,M039,2.88,battery
131.9,1,24.696065505866322,15.780685008295906,0.9225572560451122,16,1.3474507544815875,0.09446896307379338,506.0668297517318,0.1335821308302674,18.417023744375086,1219.818776682945,1192.0586591664626,1174.4355444160972,1197.075541159874,1.2217158612254155,4.11373884403708,0,0,0,0,M039,2.88,battery
132.0,1,24.512982860431567,10.815353282004654,0.9225251644002423,16,0.8476333912298081,1.0747322027252335,494.3784767142895,0.04269712255250496,18.3654422627393,1174.116384763642,1190.5553616854363,1197.19518065332,1166.1788611332938,4.719287166749346,2.1066881685224597,0,0,0,0,M039,2.88,battery
132.1,1,24.929636268972406,10.621625569922895,0.9224890685056994,15,0.9772290883914907,0.3323548944824291,526.874202077284,0.07637031621416236,18.090728125410674,1198.4398487872895,1174.3067378326707,1160.9583148068332,1182.1929098275832,0.7679633165192972,2.5347998167808807,0,0,0,0,M039,2.88,battery
132.20000000000002,1,24.67553397186233,6.7309550673867715,0.9224577637740543,15,0.8034620215442482,0.361611797635276,508.07128157602176,0.14093180744419218,17.939968356051303,1179.8544930279952,1217.2871357500137,1192.124513859491,1257.7570483307084,3.17069202042756,3.4850645192660146,0,0,0,0,M039,2.88,battery
132.3,1,24.87285804359703,14.73611385882822,0.9224257161586301,17,0.8621970963222012,0.8221246675115289,511.8215088534524,0.12101479292222056,18.11447984556712,1204.070027469796,1227.2955071874094,1196.052634147425,1233.9689542276233,5.925711822045062,2.6755170443845526,0,0,0,0,M039,2.88,battery
132.4,1,24.936754424428027,5.837180420600075,0.9223985197079076,15,0.9212010914862239,1.103164277821199,502.5094016017916,0.1907939055026036,17.980263685278185,1209.7851919083396,1202.949895299554,1206.1909209549672,1175.0367573100546,2.4034650324255127,2.4618380536520537,0,0,0,0,M039,2.88,battery
132.5,1,24.92058045408857,11.560769199501069,0.9223644671520049,15,0.8955762366309321,0.5776702464219492,513.389072273599,0.047397441324941614,17.324470928564672,1191.0352865097227,1195.8825277734127,1187.7931467194685,1180.8381610248823,3.4884917900807126,4.907979864894828,0,0,0,0,M039,2.88,battery
132.6,1,24.891923914092526,8.778351491818722,0.9223390306122428,17,1.0264536141774543,1.4641025569614174,492.0576721833662,0.10121747597487808,16.966617772080685,1277.635932795266,1188.2498124584008,1187.5368438727428,1184.0232628984422,5.935969500468816,5.1501413701338965,0,0,0,0,M039,2.88,battery
132.70000000000002,1,24.646559145770855,12.96269350293352,0.9223082944003437,15,0.8795402415733536,0.40661902400710526,507.2155386251159,0.12223095449535024,17.27892509952505,1181.483841395655,1225.7556642459244,1198.6202977641597,1187.1223618016988,2.0313251982630556,3.472450807985205,0,0,0,0,M039,2.88,battery
132.8,1,24.799992159748406,13.519931670954039,0.9222747313494032,16,0.9149406506376065,0.5215251556305386,541.7267742785532,0.3871109594870181,17.716847784671334,1215.7102478278944,1161.0079477932686,1157.8807784895394,1251.9307131639828,1.358927453334605,4.285668962413855,0,0,0,0,M039,2.88,battery
132.9,1,24.553202542551166,2.810437094353796,0.922250429807155,17,1.0747021306874103,1.4885977593637116,477.6374357465911,0.049617381978531744,17.694853836520327,1166.918725095134,1231.3298673080087,1228.8500576320707,1181.9143015590946,2.93325531707226,2.2567169578587634,0,0,0,0,M039,2.88,battery
133.0,1,24.643376038427284,8.641068353225396,0.9222123351059409,15,0.8560436985917563,0.889116420581556,499.10752470284564,0.18353329248028102,17.778563824184314,1183.122233448449,1173.5592323406117,1215.091259887823,1212.2837523534974,2.4445276748841107,2.0713350669691177,0,0,0,0,M039,2.88,battery
133.1,1,24.672215065239367,7.102259368165628,0.9221759053049052,15,0.906965469593905,0.8636181358101844,515.193980136957,0.3294016993650719,17.80824941886612,1197.1647657589426,1202.9962756039924,1202.1144773473081,1205.864765123361,4.851715851723427,4.940256145477512,0,0,0,0,M039,2.88,battery
133.20000000000002,1,24.69279363323479,2.1584261570731496,0.9221476785618602,16,0.9755248345219063,1.70956364833596,497.59207195439615,0.013003743576128227,17.628830854777984,1157.700786746249,1229.184529415976,1187.941594954626,1225.2838121600994,1.6293093680937585,2.5671146506190117,0,0,0,0,M039,2.88,battery
133.3,1,24.754656935689095,8.00059052486835,0.9221133395621819,16,0.9024458911970878,0.9122539254928762,520.3008505732399,0.22427705917013746,18.044170360835906,1192.14684659499,1221.9371891260196,1181.1509434803907,1202.7720792330178,1.2919345472010384,2.4653172812487334,0,0,0,0,M039,2.88,battery
133.4,1,24.498404913624483,8.078852626196113,0.9220837495608719,17,1.3464831463178937,0.7241562943690982,496.21329184504884,0.04317490838804408,17.6402552424121,1206.732456510832,1157.2781658633837,1189.9186512723334,1203.442147899156,2.5587766315279405,2.4271704692691687,0,0,0,0,M039,2.88,battery
133.5,1,24.69511253303065,8.233003480740345,0.922057139154744,15,0.9497418452956528,0.5828704850606039,505.32495675242626,0.03428985667688821,17.49225080954383,1215.675577110994,1158.1808527497917,1182.5071493669464,1201.20445644593,2.8710985544251386,3.8497189081717886,0,0,0,0,M039,2.88,battery
133.6,1,24.59842548957831,11.108250956956198,0.9220305279082994,16,1.0807593670303361,0.9564007495086547,506.5325622469443,0.2571836949909385,17.36205678574004,1189.988858069666,1163.6709537979652,1265.9144653455182,1176.851225196575,2.0137112924643152,2.5478889169516767,0,0,0,0,M039,2.88,battery
133.70000000000002,1,24.730255751582813,14.447813175951701,0.9219991539295502,17,1.0848935587515762,0.27170869555824506,476.44896552701215,0.07582577166623683,17.49062784354286,1231.9147621033005,1220.3556936377795,1191.19778270628,1215.398676207561,3.7627251339757724,2.615864995308258,0,0,0,0,M039,2.88,battery
133.8,1,24.475881829178817,14.660661490821747,0.9219628527529578,16,1.1558335596127727,1.2444755386040487,524.4119699776998,0.2224326298774286,17.437156723707467,1167.5278822600355,1188.0288603464624,1202.1951623548973,1213.8332156185984,5.334194333654723,3.400059541072769,0,0,0,0,M039,2.88,battery
133.9,1,24.568776240251626,12.071954898065812,0.921928793022754,16,0.9182356088105167,0.23099046919221547,512.0912294857391,0.1461085487941683,17.516443693751956,1169.5299633956274,1185.5930005378314,1178.7872390944985,1199.1280907761395,2.048558189864182,2.1036502698162285,0,0,0,0,M039,2.88,battery
134.0,1,24.904896209836906,8.96236800076517,0.9218987759902174,17,1.0999345491140509,0.4260215464684785,512.4800434827043,0.11079657387830197,17.21731563782817,1203.7738059419735,1167.6479165154237,1205.899071697997,1206.381276911886,5.9790674093796445,2.6868432799263546,0,0,0,0,M039,2.88,battery
134.1,1,24.83599584625153,14.981967876475103,0.9218673876365139,15,1.078535523943956,0.4615404639624109,500.4736425770715,0.04806699601588653,17.264686103871917,1173.0117527483544,1225.6817473125784,1160.9448323410998,1175.8379519727355,4.281294453222384,4.766257491701972,0,0,0,0,M039,2.88,battery
134.20000000000002,1,24.683687205108917,13.79970554418026,0.921838426137284,17,1.0006742189393796,0.28917821747697364,505.83274864091817,0.06499360432654888,17.25741846286687,1208.139932988483,1162.7838624658457,1179.6520278656722,1180.1207749375492,3.0287646244262505,4.693449719227705,0,0,0,0,M039,2.88,battery
134.3,1,24.643073635332613,7.407279712699414,0.9218086227242792,15,0.9281461955823305,1.6541971983996255,489.33586128414146,0.05773186602094414,17.43801050390657,1209.5817130244513,1137.4807378248106,1201.8867637213332,1201.8511109708634,2.321407298182564,3.6776662640055533,0,0,0,0,M039,2.88,battery
134.4,1,24.69233361674679,12.480091618732713,0.9217747471688723,15,1.11970087374498,0.20369047922331845,516.8708901135077,0.12072133768524615,17.634879124408283,1192.9498717852687,1217.9740995078294,1207.9197396086229,1227.5799737175114,1.3043333796918117,4.317245065709159,0,0,0,0,M039,2.88,battery
134.5,1,24.6003677421082,7.6434837757208935,0.9217416575369702,15,1.1287255339995135,0.4929388095295342,510.7377491683006,0.13296729967264545,17.426719597031287,1195.6925263624858,1188.1863636604926,1188.6084698847972,1204.8971052560298,2.2441091253865038,3.8275544278178586,0,0,0,0,M039,2.88,battery
134.6,1,24.716739725501498,2.625954314223174,0.9217190980029998,16,1.0467762701628187,1.1162822316029624,514.7243207209873,0.04673051290713263,17.665823721509494,1210.2317906797505,1182.7009666411618,1221.3143569254232,1190.8758188434506,4.2852793613684526,4.013353453852859,0,0,0,0,M039,2.88,battery
134.70000000000002,1,24.601866065962756,9.962043653362855,0.9216843024283572,15,0.9208326310259425,1.5300384391874153,533.6487153909491,0.19230117231305388,17.576224836763167,1253.7314911993572,1198.7884044821494,1179.446555153454,1186.4845591526087,3.2293209561296625,3.1637467311528997,0,0,0,0,M039,2.88,battery
134.8,1,24.700725311217496,11.853129264002227,0.921656220421098,17,1.1288338954800332,0.38937825799628223,483.6716199648589,0.23469893719649282,17.77320186089752,1225.0903636541764,1201.4830396255088,1190.499378763575,1204.9799532678196,0.3785692476265752,7.023884599189895,0,0,0,0,M039,2.88,battery
134.9,1,24.638204698303607,7.722666052749357,0.9216302503466538,15,1.071978759301349,1.1857015982966281,456.67509204033195,0.08530666977262549,17.372509184859695,1180.9991787293952,1198.505380157977,1244.5157829282537,1189.861864764719,3.3731520131811146,3.0595124107008855,0,0,0,0,M039,2.88,battery
135.0,1,24.81956737896549,10.649083633144485,0.9215960936164685,16,1.1024377500736173,1.5868234834665285,526.37141522453,0.1285988922183039,17.47904542469575,1179.619095942169,1168.0439631274046,1190.4693459020139,1223.6560400873868,1.1198523596694343,3.54591500416114,0,0,0,0,M039,2.88,battery
135.1,1,24.693759686812708,10.451924080878186,0.9215614687648997,15,1.0240921791417845,0.8946425439483947,468.80848044947163,0.15345231765902026,17.440913247249142,1159.4551853532541,1179.9010572059515,1224.5350326488979,1197.2681709805634,0.8870300246388078,3.4351948274815314,0,0,0,0,M039,2.88,battery
135.20000000000002,1,24.685282069795637,11.62382391248407,0.921526111533878,17,0.9515322724291622,0.7741651388579519,510.50164560294706,0.1576322231896774,17.567196711270064,1176.4296962732103,1203.6472430488718,1234.6890743690128,1259.6355631082263,0.8168899075148063,5.589971891270045,0,0,0,0,M039,2.88,battery
135.3,1,24.842323588751437,11.203500306368348,0.9214966502193255,17,0.985520216747912,0.8026322310394445,476.72409245364446,0.08115171723413697,17.61004794247419,1193.0882191001497,1192.7220533149098,1254.4199337563293,1200.9359927895541,1.5050352815281238,2.6189993191994985,0,0,0,0,M039,2.88,battery
135.4,1,24.63040849894574,11.382784946414459,0.9214633819534868,16,1.0987004271594052,0.5566468769220093,485.27794984699955,0.05548999787497887,17.90934464838415,1204.6427441665742,1171.2096993923587,1220.3102190984532,1176.9126774616648,2.1908328611613563,3.0995935773067056,0,0,0,0,M039,2.88,battery
135.5,1,24.79683582290426,10.037676572357237,0.9214293816363035,16,1.1083844570628067,1.71890982388308,504.802817771942,0.035804947649391974,18.29040360782264,1219.039378205547,1222.4048661379825,1191.6367787379604,1205.7363546005952,1.5169712095171493,3.197412086361125,0,0,0,0,M039,2.88,battery
135.6,1,24.644862237164666,12.681699365279162,0.9213957938353023,17,0.989881009344814,1.2611176950691259,519.4418484862647,0.14335849947944115,18.701331259071946,1191.8169008692419,1222.938205241117,1170.667356672413,1242.0767554492168,1.2190861272988522,5.950758194545682,0,0,0,0,M039,2.88,battery
135.70000000000002,1,24.94049455279536,3.447500483012239,0.9213659820590403,16,1.2809481917756642,1.2837018677760879,492.3314834054635,0.27819301779952477,19.458452564331132,1180.0916651556963,1190.7262991041391,1247.5748508258653,1179.2707943567098,1.5151147866741086,2.757193404141441,0,0,0,0,M039,2.88,battery
135.8,1,24.711896378211456,11.247073233152168,0.9213327555001299,15,0.8758812864166798,0.527165881600807,509.06093213952244,0.05816634578139351,19.66432245480046,1229.2252541821792,1157.2321601392962,1186.0392108552523,1233.016158806322,3.316653461564658,1.8043615566291813,0,0,0,0,M039,2.88,battery
135.9,1,24.78672423671783,12.213276469072824,0.9212955616602653,15,0.8987205126017268,0.8902343283987725,502.24878106111777,0.06167875647871082,19.787099396064974,1209.0097647495097,1159.4546201765068,1229.600835333977,1181.4435799582934,2.001063726130794,2.6041824704500725,0,0,0,0,M039,2.88,battery
136.0,1,24.71341727435048,11.158330620284381,0.9212588492436998,17,1.0407661763851466,1.3250315033237865,536.5237653801636,0.1519400947777708,20.03809357728151,1212.8572954417846,1172.4474974498037,1203.8156374083792,1190.2646799283157,2.5293441314437497,5.2849426928325745,0,0,0,0,M039,2.88,battery
136.1,1,24.892218594421642,7.037194663705866,0.9212327618519098,16,0.862621093521701,1.9798949291770733,526.5818766947252,0.21421498180947807,20.101679569629667,1144.894561204871,1184.479012296562,1181.699086469185,1201.4808555674745,1.9287253154210686,5.006991870315822,0,0,0,0,M039,2.88,battery
136.20000000000002,1,24.68420602494376,3.5413610226986494,0.9211958769158485,17,1.1297253359037729,0.7461165319297695,439.31279874846996,0.057619740088204724,20.10927920889329,1203.958827866973,1228.976885708607,1217.546009026817,1247.9004969397056,0.09789867108530365,3.510274572052723,0,0,0,0,M039,2.88,battery
136.3,1,24.547272925961845,13.76703378738167,0.9211639106556431,17,1.091241494518044,0.7518427526827028,479.4716129290653,0.04682762309696679,20.43603880913948,1185.8307586294993,1189.091224036561,1192.9385715285246,1189.229041242991,0.37913361172372584,3.690589756895878,0,0,0,0,M039,2.88,battery
136.4,1,24.518111849449102,11.06112751414339,0.9211302525894246,15,1.2496235455605664,1.254654810964411,459.89266916561536,0.11112157824825095,20.012945911166828,1174.2578664722187,1223.2201894786945,1183.4970077473681,1218.8487089116588,2.8207271693878035,2.7194568235114875,0,0,0,0,M039,2.88,battery
136.5,1,24.75714066300423,10.19727534219529,0.921104568396956,17,0.9340649435199081,0.4314859957702388,484.42597695365447,0.0768271956483677,20.461210844191598,1187.180435619549,1228.0074084648604,1187.980346938751,1133.9746218200553,4.163706666302804,3.6603326303694637,0,0,0,0,M039,2.88,battery
136.6,1,24.67077535691567,7.0485023435939445,0.9210705090919661,15,1.1234224813194171,0.7515373429258321,494.15808622046063,0.16701884896658153,20.424066997831346,1154.0734552523763,1210.1726510136946,1188.4001100421267,1219.2092674130188,5.285232270488871,2.556663389997508,0,0,0,0,M039,2.88,battery
136.70000000000002,1,24.797873920904536,8.712257797398689,0.9210439997211621,15,0.8262370070258003,0.3594258919396589,523.2892317438321,0.09588363163596461,20.301175813302457,1159.467586087987,1180.94520534123,1220.2350796524836,1191.4129953773481,4.3884750847783796,5.5976126353518865,0,0,0,0,M039,2.88,battery
136.8,1,24.529813243440174,10.465007850058045,0.9210135481034568,15,1.0326326983393592,0.3648963564642097,505.4926707038966,0.07930439243694268,20.16637023868314,1165.3549374073025,1167.1031367587077,1250.6880941704956,1197.205415694846,3.063539529163654,1.4274147610513745,0,0,0,0,M039,2.88,battery
136.9,1,24.87977199582625,12.152190785756144,0.9209833186711753,17,1.1452565108108232,0.5637382526083426,492.0683973927067,0.0302651908341088,20.092124716332854,1199.8137983265224,1203.9101442348663,1196.2633708315673,1225.8491279029054,2.1902159606418183,3.502430092053973,0,0,0,0,M039,2.88,battery
137.0,1,24.72329429791375,10.466552848353995,0.9209554692852082,15,0.933630267072707,0.5227656764813613,476.2915744137432,0.10845753695032115,20.39219388857898,1177.7707609035435,1177.350495451173,1162.7171105810564,1224.3739658923323,3.9598641023460375,1.2917787834877446,0,0,0,0,M039,2.88,battery
137.1,1,24.77902710116114,0.8956026032132893,0.9209329503714574,15,0.9671965282533871,1.313875267008277,495.9837269889292,0.08857026872865742,20.177535173052057,1242.1219474642235,1198.8640659470661,1203.2970777865303,1224.7835932866394,1.3950124157799182,2.6934288738655257,0,0,0,0,M039,2.88,battery
137.20000000000002,1,24.586307293432984,11.458246999812678,0.9208964966834644,15,0.9388595412604059,0.8095622116733971,513.2808403980221,0.3598145561559487,19.945955651604987,1187.1315805873064,1189.7511996297026,1207.4180734057263,1165.4821314850233,3.7476274992157728,2.0185928480900053,0,0,0,0,M039,2.88,battery
137.3,1,24.875476402009117,7.857417800203469,0.920869917292454,15,0.8403491655760311,0.7286927900718873,543.018859398922,0.16178493628413732,20.453879977240693,1196.3787891514273,1188.0466848628532,1185.47228238631,1214.9261695253697,2.047799428697272,9.21396031469217,0,0,0,0,M039,2.88,battery
137.4,1,24.667453170835284,8.852564641234794,0.9208388390872974,15,0.8562491400367592,0.19526658647110923,496.8700693971533,0.16121079086562545,20.963354519327755,1223.7802754975605,1152.5747341339136,1186.1618615791326,1174.8429057958037,1.7198590150331963,2.952437229051131,0,0,0,0,M039,2.88,battery
137.5,1,24.701778881666925,9.572339392639563,0.9208073979973701,17,1.1103856965217789,0.2638483578506067,485.70098132990057,0.007341284546391161,20.640183147095115,1211.2393483931623,1197.0065588319176,1136.387627649512,1213.973169716062,2.381653078299167,3.482618601960294,0,0,0,0,M039,2.88,battery
137.6,1,25.132671761256468,13.380311993466226,0.920782378300756,17,0.9566905622982328,0.6897430957693493,497.1305673796176,0.33365483078178987,20.371876327234478,1222.318008924268,1233.6157937651785,1178.0223894826404,1217.1404591020682,2.7048290408001163,3.270794014562232,0,0,0,0,M039,2.88,battery
137.70000000000002,1,24.73113417560112,10.176769435110794,0.920745678562759,16,0.8843357487110953,0.5637490432513605,473.688728265269,0.13669853182195044,20.304666372126093,1161.8029644576395,1197.28411259798,1182.6413893934948,1180.558123711703,3.679618339545238,5.237200165633006,0,0,0,0,M039,2.88,battery
137.8,1,24.597202055721944,9.666975314865851,0.9207100320715912,16,0.8258758255367228,1.3934525074437418,506.5182833688342,0.1607654927932131,20.49535818607032,1235.263312313622,1221.7645239321666,1175.6605344703653,1193.7581407768055,2.509541084544379,3.8468227332981733,0,0,0,0,M039,2.88,battery
137.9,1,24.744796421505356,11.123867071920868,0.9206789609614859,16,0.9767208086952395,1.091482010153499,497.30520740586957,0.002959368335405053,20.82859616686484,1209.795433866986,1192.7686556327897,1190.6500678564607,1227.4765626826525,1.6990311528230047,4.843732041348287,0,0,0,0,M039,2.88,battery
138.0,1,24.790001395722673,5.425907473480414,0.9206481940917713,16,1.0776667880177078,0.8150234606392084,522.0722022923388,0.06320859210551913,20.946832286739756,1215.5537974479173,1179.3632264708717,1190.2348168819517,1175.5553701072945,1.198784467421719,3.5786600340563925,0,0,0,0,M039,2.88,battery
138.1,1,24.621042457601984,12.737333304255522,0.920621023874574,15,0.9466073193126308,0.49175451067848786,525.5677418252349,0.06357386763096808,20.909937113464906,1231.2769901180213,1229.9932844452815,1152.5752929966573,1197.9817719415018,3.2293287637228167,1.874443110175462,0,0,0,0,M039,2.88,battery
138.20000000000002,1,24.66789280228971,11.288383110025606,0.9205902848343747,17,1.0033721627327128,0.2486849391168359,475.5046003719519,0.17787916088034814,21.16515022785431,1204.1149772737817,1214.6652566955247,1197.5687429269128,1171.489983732734,5.071529797755799,3.7616185812091825,0,0,0,0,M039,2.88,battery
138.3,1,24.72611999687689,3.4039535116333353,0.920559468540805,17,0.9407389035832835,0.48002367399738577,514.4432393980117,0.13263304612288696,21.3461210046668,1188.5984815979248,1205.708995198123,1173.1619044777956,1216.5275133191237,1.4896976279343943,2.0757507903504075,0,0,0,0,M039,2.88,battery
138.4,1,24.77640282582544,3.9928912901429423,0.9205324484417297,15,1.0225420802138738,0.847469060255138,519.0430366058386,0.1221508632901909,21.537040524801146,1192.4272606862335,1167.9871820661394,1186.1594526529834,1193.8598059684543,5.439104994267839,3.028480469029389,0,0,0,0,M039,2.88,battery
138.5,1,24.892942680190238,13.32110882695286,0.9204909591737117,15,1.0921021227376553,0.5948116231534135,504.3099434886665,0.06728315912012532,21.60365051234113,1152.4366634185565,1194.2316244029992,1204.4824742278065,1162.3241219453648,2.7086082998123766,3.8138742608201404,0,0,0,0,M039,2.88,battery
138.6,1,24.431216356854897,8.16411065586649,0.9204549025113558,17,0.940760626580332,0.8815768541863366,509.30675282588544,0.06693068750283859,21.592771249990555,1221.7639984476575,1187.1820803262565,1249.1131642469363,1206.4650238798283,1.250753193879365,3.173220181338399,0,0,0,0,M039,2.88,battery
138.70000000000002,1,24.59758418657586,11.634839800663721,0.9204243117300236,15,0.9214831768627639,0.23695440680080676,484.2168564555563,0.16193990668535538,21.6235776629672,1154.9214819232848,1246.1471674204745,1195.1521773763195,1193.826834983633,2.145164746199036,2.8267305481375926,0,0,0,0,M039,2.88,battery
138.8,1,24.700168356502527,5.225451155322064,0.9203949831641312,16,1.0297898731729656,0.8034953204836969,503.4050483679037,0.07430664309237883,21.077749203591708,1137.3667586563051,1206.2545448373464,1149.7622835357922,1169.338798631772,5.851489610534221,2.720363590386288,0,0,0,0,M039,2.88,battery
138.9,1,24.63781922474018,11.638484084147576,0.9203636219831377,16,0.858817210061546,0.149527683961325,503.8025552420591,0.11859726183845731,21.100629975521223,1167.518292339933,1224.2315940665808,1207.222388058102,1222.5637092620464,3.2098801060796998,2.8959362082802773,0,0,0,0,M039,2.88,battery
139.0,1,24.642985725868176,11.841116412777666,0.9203361623169991,16,0.9282542515945831,0.7828489005718107,522.6373518241186,0.16197986058858635,20.604599668098544,1174.6988729549666,1182.0658677250763,1181.782245766329,1188.8576060825585,4.395478724959732,3.448726000852724,0,0,0,0,M039,2.88,battery
139.1,1,24.679584541763255,18.533204680745854,0.9202985704134728,17,1.1745302484020461,1.3975540063248715,469.3959582219635,0.14223076637416676,20.38062405061511,1209.4128317786956,1185.4746580945036,1187.8182409646372,1240.9164071107227,1.689224259794049,1.8927419356947002,0,0,0,0,M039,2.88,battery
139.20000000000002,1,24.552016182981713,6.7224060353626935,0.9202720036201663,16,0.9642692140066818,0.9358133362464877,523.4592669494718,0.11162602779802458,20.115326141986124,1145.1909370357048,1192.1956834228922,1170.908621756546,1201.6309141769286,2.9862916297072375,4.10468033342811,0,0,0,0,M039,2.88,battery
139.3,1,24.6476763632708,13.836304796954526,0.920243029891238,15,0.9042306766854794,1.0477712342808712,497.9194814761824,0.18864011269781472,19.94610744267032,1230.1743901993848,1136.6788926277718,1180.1556884987046,1200.6877445753378,1.666021861973559,4.198339096018736,0,0,0,0,M039,2.88,battery
139.4,1,24.636230826479178,13.568363624102886,0.9202126421454533,15,0.848210313947022,0.5460335142240176,502.03331207577105,0.07587074746508678,20.10840619191658,1217.0444060909479,1182.5818225370956,1188.1933259770517,1208.532827019968,2.0152527037184558,5.87753489698212,0,0,0,0,M039,2.88,battery
139.5,1,24.697337702257972,9.508850465261881,0.9201843847838348,17,1.006338983628155,1.0688587427127425,497.66628089295295,0.13744557162091137,20.500467196112144,1206.7038074174197,1210.4125516735555,1179.3019469831918,1182.370717835241,2.98830840383393,1.9820045906424693,0,0,0,0,M039,2.88,battery
139.6,1,24.694486338110206,5.853742430394481,0.9201559312550163,15,1.0075496991688688,0.6444270240501819,513.5276848833623,0.1022676550774157,20.356828985088203,1189.6946079003692,1188.6648197646023,1174.3475036391999,1239.5961931518082,3.3468244700566236,1.203949864693852,0,0,0,0,M039,2.88,battery
139.70000000000002,1,24.812951558842816,14.063037603319739,0.9201269863521301,15,0.9762114329591516,0.4021172153031213,534.6892253799886,0.2607400423530312,20.607561932885496,1198.4666967443789,1180.3994552853324,1157.3869860655518,1217.296002949933,1.2959205680014534,4.41373343097538,0,0,0,0,M039,2.88,battery
139.8,1,24.69889881464856,8.057076771542057,0.9200938948550198,15,0.9326030902187011,1.2880387694096487,492.87172494141373,0.24685101721854197,20.681856329802017,1213.7490957243344,1220.2728084734224,1206.54205405842,1219.169834588625,2.7355325123170395,2.3441263667366536,0,0,0,0,M039,2.88,battery
139.9,1,24.557400930763535,10.737881793180136,0.9200603764973687,16,0.8158355209535583,0.1837098972297229,467.22260317905807,0.2103546290590938,20.890421521996885,1160.7462139521654,1216.575584805519,1234.807987306113,1244.1345717720487,3.301400973390793,5.044644719995334,0,0,0,0,M039,2.88,battery
140.0,1,24.688839139884863,5.870745704671866,0.920028677496448,16,1.0095028859700086,0.45743162275021065,490.8101797876703,0.06278646919903066,21.27068151127622,1203.6729382184776,1213.9548724565652,1206.8559045402603,1206.8444719337247,1.545452065423995,3.1738698680180466,0,0,0,0,M039,2.88,battery
140.1,1,24.834804443345217,6.667049271509331,0.9200028565554472,16,0.811634478574782,0.45905344517063945,499.46663052840574,0.010789024757826523,21.36870122847031,1216.3800260597905,1159.8828170753807,1225.8022812847207,1153.1781787322877,3.6259107791724987,3.502649740151771,0,0,0,0,M039,2.88,battery
140.20000000000002,1,24.781614938806943,7.184388819663432,0.9199690440165225,17,0.9328035396394394,0.2843326934796228,484.58069350790674,0.12506689271288385,22.089032598173894,1221.918437046182,1194.4241181551054,1180.3985598006548,1176.810119283305,2.2631080869057705,2.753516796431708,0,0,0,0,M039,2.88,battery
140.3,1,24.71055809025125,7.510267980830846,0.9199342199118133,16,0.983474637193249,1.7705612785701397,514.9097450464793,0.13216987048388817,22.519254916097957,1201.9393992701787,1173.852245240248,1206.202122427529,1147.4508192802355,6.681394311514198,2.562807096089264,0,0,0,0,M039,2.88,battery
140.4,1,24.89450577071474,12.240497975373414,0.9199050165432272,15,0.9151753665273891,1.7739527935627906,503.4779663665753,0.026594695573204527,22.23775271597897,1201.2061382514203,1191.0115317804512,1168.4430073217864,1229.4031976475167,2.993325087854919,5.399879011033648,1,0,0,0,M039,2.88,battery
140.5,1,24.719944857180817,7.883183483436395,0.9198751505767624,15,0.8674081316866324,0.21629349032444833,539.1610592392944,0.2095744276981334,21.916693062029765,1203.9731748767376,1219.9036696113078,1212.939057778745,1216.009983443819,2.1955642183726707,3.6712222869835713,1,0,0,0,M039,2.88,battery
140.6,1,24.576213275279162,15.464656004721851,0.9198376617832964,17,0.9109546701394002,0.9068320303394668,484.4659415185951,0.13393514900198625,21.622736009286953,1204.9171343134346,1203.7877845722435,1218.7605505258325,1206.9695343097044,6.710719598757303,3.389833097344715,1,0,0,0,M039,2.88,battery
140.70000000000002,1,24.672066418478305,12.803637999832057,0.9197983275042774,15,0.9483096874157845,0.9615016550728661,527.1046674417003,0.2375814443895465,21.358984083021195,1193.2533292031646,1230.4281972307597,1222.723409473142,1174.61490749238,4.270540179345563,1.6500005305876915,1,0,0,0,M039,2.88,battery
140.8,1,24.593435426885097,9.192487589577457,0.9197665207586531,15,0.9406906652428405,0.9564407244378604,508.81100983372295,0.21989862981938932,21.169831989125584,1243.845952467608,1177.4986275850638,1178.153238542265,1206.77084656747,1.0023361925176253,2.4626482811822097,1,0,0,0,M039,2.88,battery
140.9,1,24.68653851526079,8.257006734146252,0.9197318729051708,16,1.0494851471892312,0.3519472008170129,513.9296534878155,0.07925938843399863,21.07375876357257,1248.0872338655902,1186.6727196130792,1227.6647323888972,1226.367402183918,0.4264480707468106,2.5512030735485878,1,0,0,0,M039,2.88,battery
141.0,1,24.63799365458086,7.506002738182888,0.9197027269855544,17,1.0830937965011287,0.46309845910811687,502.1213656112268,0.1648576523876912,21.31800308666413,1172.2838660968735,1200.0209728718376,1226.1407121928194,1182.9668914942035,0.48361840784082827,3.0818602560745045,1,0,0,0,M039,2.88,battery
141.1,1,24.9022079498387,10.996241506216549,0.9196686871849835,16,0.87470035405545,0.3898411091561903,522.0911286729836,0.0994701996059808,21.63071164979408,1161.343163758033,1231.2246351105894,1212.4941494469226,1190.2486980641272,0.7881342788294354,6.29794962597849,1,0,0,0,M039,2.88,battery
141.20000000000002,1,24.59567603273066,9.102715831857244,0.9196350055638599,16,0.9933320649602163,0.7317713762267823,495.15753057512825,0.06592342953064645,21.48121281901116,1180.7051946846448,1231.5762453482928,1218.927526871068,1197.1144917179636,1.6777327863115017,3.7777338381288637,1,0,0,0,M039,2.88,battery
141.3,1,24.657163750100064,4.923156130177366,0.9196054077041492,16,0.8506118736824185,1.0351563396234003,519.7269027756912,0.20300826147657594,21.537633722286568,1218.939503729839,1220.2395503502196,1161.6217718355003,1195.3510115804352,2.3528287235674994,1.28015835986734,1,0,0,0,M039,2.88,battery
141.4,1,24.61470542294761,8.686858272608172,0.9195817794991163,15,0.9876871776622922,0.309313771287432,472.41953444889714,0.13201537815199516,21.49114347935504,1168.6526288391544,1165.548606875958,1221.5403235385486,1211.3412828086427,2.931852764756503,3.3707770654612457,1,0,0,0,M039,2.88,battery
141.5,1,24.81852150007013,0.009340863043895142,0.9195553488043458,16,1.0583626282910459,1.6052670268676312,525.6056011697741,0.1576499794392438,21.897445760445482,1162.608026778948,1172.309970006015,1201.2363638219872,1219.780958026001,3.0726207172451288,4.646755732816729,1,0,0,0,M039,2.88,battery
141.6,1,24.713635103688258,4.542920861898814,0.9195245649698968,15,0.9996472638954085,0.43312762115659514,496.56876584503345,0.133205900448935,21.531910301858083,1194.7337182613178,1252.5496323696057,1224.4967215639383,1145.9229146637228,2.452013129033914,2.7765474026855137,1,0,0,0,M039,2.88,battery
141.70000000000002,1,24.752598771453908,9.924202635291843,0.919498745692968,17,1.0518520411021146,1.2724561768147868,501.094071549565,0.03605585077263642,21.78240287050376,1147.3793069241315,1202.7212350470154,1216.5263959502806,1183.7911010732964,3.20976935140163,4.001018942986171,1,0,0,0,M039,2.88,battery
141.8,1,24.642034820951825,12.393307906003493,0.919466860991709,15,0.9502925369109749,1.3377422979315914,496.4547888625761,0.10787257771872545,21.921688539513692,1253.9029999823458,1175.2127633452935,1158.758658971137,1211.0434172530213,1.8572867124340398,2.2152481396587507,1,0,0,0,M039,2.88,battery
141.9,1,24.61240539687647,11.811518181942228,0.919432151783288,16,1.2269826954228407,0.6494556563126148,480.67417535034633,0.23268808953005338,21.913495387063797,1197.9905538087844,1176.4414449198725,1223.0130052953748,1151.6551329842966,1.771829093356881,3.848108040044573,1,0,0,0,M039,2.88,battery
142.0,1,24.727032490758187,10.311180840985042,0.9194031167952654,15,0.8575960795481444,0.17539703481997285,474.34525394144293,0.10469747450816279,22.046813420842675,1221.4164447230448,1222.7883180249953,1226.8029695795901,1203.8098044822323,1.873748462853117,2.9502581171188016,1,0,0,0,M039,2.88,battery
142.1,1,24.469854250872398,4.636077755890508,0.9193708187386442,16,1.1874845077659746,0.998788882774174,511.7561505458825,0.1428163860498877,22.534082224038407,1200.5428619956745,1240.9705092628978,1180.5057530537026,1211.7477153157529,3.526490270322471,2.165530918893536,1,0,0,0,M039,2.88,battery
142.20000000000002,1,24.71464372144671,12.94439920476525,0.9193373848011621,15,0.9284791312234247,0.6908660153502535,497.05241964831873,0.1708070425588934,22.68939346094002,1222.9002505174303,1210.118210806514,1174.1190657661034,1181.481505267954,4.20903721988717,3.6617322667645062,1,0,0,0,M039,2.88,battery
142.3,1,24.78991810384425,11.55178634391384,0.919301400809377,16,1.0071236173517102,0.22660406750890483,493.96720676440873,0.10839923152454166,22.53307071883924,1237.0524322665162,1229.573612872189,1213.2917913523956,1186.0659252941662,4.022042471151177,3.824043447886928,1,0,0,0,M039,2.88,battery
142.4,1,24.597017714843815,3.8282850191973257,0.9192754928149139,16,1.0587876243816274,0.603140421450178,524.273559829143,0.31487199901464896,22.5085399354968,1215.120867846083,1171.6060377504568,1177.8598659688355,1219.6273048547016,2.4948429752526526,3.353907133335076,1,0,0,0,M039,2.88,battery
142.5,1,24.65574571228535,8.871499870247261,0.9192481811010191,16,1.1711208506227067,0.4234995513850452,497.4660183934289,0.14174660725137092,23.09927721268247,1195.8018584159674,1172.8679807171757,1205.9989226225985,1211.2821105721084,2.946742276803665,3.633612511101954,1,0,0,0,M039,2.88,battery
142.6,1,24.644924197658014,7.12909196271956,0.9192190400635013,16,0.9708410099265001,0.8554172484769677,495.3521545975169,0.13330280713146642,23.10052991427463,1193.8406503174945,1197.9565790576596,1212.2151467322112,1236.719294652099,3.97150915268504,3.4933928914127184,1,0,0,0,M039,2.88,battery
142.70000000000002,1,24.77089156870096,9.522446002592101,0.919188733158298,15,0.9188072944033827,0.34037002511222214,504.7840791801105,0.09768682969266518,23.045983926488347,1226.395783291291,1236.4964430635628,1194.8583927608242,1191.461018046722,3.1937390917246278,4.0556128920939845,1,0,0,0,M039,2.88,battery
142.8,1,24.63970122105088,11.098394100398671,0.9191605076399461,15,0.960463523214622,0.611588351855226,520.509304400402,0.1538297715069405,22.949287521760347,1159.8208817050302,1182.6588220633178,1214.533277217394,1214.9710593609002,1.9571228175444202,5.304017336210237,1,0,0,0,M039,2.88,battery
142.9,1,24.572826838516697,13.171063932979305,0.9191284088725066,16,1.0352687787989872,0.9077718053480783,542.0405588269084,0.13219726870551682,23.277924840451448,1214.4272480217176,1224.6699718050136,1144.4006167064426,1201.0098886458995,0.35086268527156433,2.0067794650301707,1,0,0,0,M039,2.88,battery
143.0,1,24.522537110277515,8.440111410967747,0.9191028876783476,17,1.0859935491825978,0.6973998700758753,500.5521567263858,0.16684814574019757,23.290208767526877,1209.036239323725,1199.0979512671865,1159.2618700144724,1213.8562869020896,2.4079441116194347,3.6764022149129905,1,0,0,0,M039,2.88,battery
143.1,1,24.604198262872927,8.804644583534882,0.9190661852446105,16,0.9152878754850818,1.348017357286165,487.8098811587106,0.09611672089184081,23.57814921069283,1163.5250792742145,1201.944328773665,1199.5106742419746,1212.4464013278982,0.9074541594326095,0.7233011520700057,1,0,0,0,M039,2.88,battery
143.20000000000002,1,24.57048936577144,2.7489616535245434,0.9190464754667955,17,0.9358825755524655,0.3462722962147419,492.05281419416303,0.16235767858218988,23.804721324626726,1219.8974586490156,1213.1378679825352,1200.360686034951,1208.6906410210904,3.51447918155709,4.497722828155912,1,0,0,0,M039,2.88,battery
143.3,1,24.619555223853812,4.809147113659558,0.9190165583614616,16,0.9859936771678595,0.970557767932105,518.4462979562096,0.06510859259711159,23.997282798995904,1125.4830482572697,1195.200516884808,1169.3991325221546,1188.2160229109402,2.4675960294623063,5.020510583615293,1,0,0,0,M039,2.88,battery
143.4,1,24.752161398080524,6.3227180558858045,0.9189837354921573,17,0.8983713538148624,0.5618060191247748,527.7873795874592,0.11522019964357855,23.130489020677114,1163.6715551460686,1178.9731533527702,1215.7107979971634,1158.32875988816,1.1701969270734933,3.216702686196787,1,0,0,0,M039,2.88,battery
143.5,1,24.35617146193165,14.044150453648731,0.9189487595951764,17,1.122463231210345,0.42402134664695346,499.6927723960228,0.1269673431630374,22.99056253334476,1181.1052989104799,1187.2820089958439,1176.9164026681701,1196.908869513834,1.5387909819005332,4.42763492539591,1,0,0,0,M039,2.88,battery
143.6,1,24.764113020248686,7.611261174038139,0.9189252068381286,15,1.0392524501132243,0.17375072851421297,538.3955361479624,0.048491653661085356,23.292377454961457,1233.2258930737207,1192.9904641307066,1185.7119397967726,1183.5671641503116,3.5340267957710703,3.1620253462867205,1,0,0,0,M039,2.88,battery
143.70000000000002,1,24.495831992242802,6.686272634616024,0.9188849975412685,15,1.0937040278445647,0.1505917965811091,506.95494536707383,0.10892600596460011,23.60225660254962,1214.7227498072032,1225.044576478568,1208.2852842018247,1207.7595359882685,4.302794520542516,2.8329240587906934,1,0,0,0,M039,2.88,battery
143.8,1,24.69302427595433,12.425827399681026,0.918858475316711,16,1.0229225923618814,1.536683824402751,510.1034595367952,0.15808527854587576,23.46591573293975,1158.0197420348475,1198.6799624503908,1232.2678754679114,1171.5634083323557,3.013450850386098,5.468063324767478,1,0,0,0,M039,2.88,battery
143.9,1,24.427569858158304,6.989568269840031,0.9188370915763986,15,1.136463177780441,0.35898704514143337,506.5519006144268,0.17923275805387734,23.27035504163007,1178.4613104860878,1202.9253987689506,1180.374860322833,1214.788132173285,6.473633617376147,7.449598846097224,1,0,0,0,M039,2.88,battery
144.0,1,24.37618870271103,17.031571378023525,0.9188049620320019,15,0.9011782037448451,0.43173239742198993,479.44881241293047,0.12902597874187818,23.35755343253643,1191.3646277443977,1207.3573310611287,1167.0343295676344,1152.075670049584,0.8109731893217971,5.3817043281719315,1,0,0,0,M039,2.88,battery
144.1,1,24.58199279129066,7.68104629010803,0.9187793199493475,17,1.0777046310870366,0.5283361169683894,519.7854294391889,0.1266962419134731,22.82962844377774,1181.86843696765,1199.8562892119155,1120.8625559073175,1182.006604658948,2.471908332619909,3.685072855666543,1,0,0,0,M039,2.88,battery
144.20000000000002,1,24.867212793695945,11.380721812679674,0.9187436123805661,17,0.9011586725808901,0.456958189738903,502.479928419721,0.2240050709708958,23.1015500705828,1210.0104381998642,1161.561169965014,1207.3724597868115,1196.3441092618477,3.787689794287868,4.09570768646808,1,0,0,0,M039,2.88,battery
144.3,1,24.604643902018402,11.867057878074334,0.9187038698215181,17,1.0917697135121953,0.17682003357751555,493.6859319784676,0.19233554570709185,23.25693786177945,1216.1966990399503,1209.9795440593543,1181.7886869488834,1214.579278704427,3.162604397311093,4.428011067132014,1,0,0,0,M039,2.88,battery
144.4,1,24.456458910232502,7.869065418514438,0.9186714057191602,15,1.161621580091842,1.1112429600242075,516.2023183652315,0.0223659791899133,23.501807192767323,1213.485409416404,1194.821569953129,1206.5666045849482,1171.33791840214,1.2127193515415151,2.4012070930334297,1,0,0,0,M039,2.88,battery
144.5,1,24.271789133128276,6.310381750918037,0.9186400324768629,15,0.9598555886459412,0.8536906930804624,476.1701963525356,0.024611379011694315,23.005557098532346,1211.645996690691,1220.76328896285,1189.066161204907,1190.320672047986,4.4856011311281545,3.954111410690766,1,0,0,0,M039,2.88,battery
144.6,1,24.590402458987683,1.4334714999795115,0.9186202879189221,16,0.9456387488453798,1.2344863030343618,485.7716297489164,0.12710538077333156,23.040302950060422,1234.7085856579076,1183.1762103751312,1223.8910018723495,1223.4799486456259,5.1105046681183355,2.0488728585568325,1,0,0,0,M039,2.88,battery
144.70000000000002,1,24.531810882653566,13.365203275181809,0.918591121269976,16,0.8714139394349439,0.878873476716251,485.0777755339839,0.2421044858674124,23.12319491822031,1213.4518851610947,1175.61000341327,1205.0880579127038,1208.2650236332627,2.621750718868973,2.405916411070114,1,0,0,0,M039,2.88,battery
144.8,1,24.53414590853787,8.913630890496584,0.9185640631577254,15,0.8868126956447572,1.4657198345212967,478.1436153621337,0.10009674577327281,23.803463397493235,1264.388974882726,1193.7842402104957,1211.0624715224524,1198.8118821987402,2.249734238272252,4.01715806832707,1,0,0,0,M039,2.88,battery
144.9,1,24.563228118609498,8.227959907578462,0.918523657659972,16,1.1928743822418613,1.4412329259839467,489.1388308308653,0.10655853456069225,24.013681694099116,1186.5658987791073,1249.8915144528366,1242.2718558703039,1199.5161925232617,4.951520005537581,2.7465350851092825,1,0,0,0,M039,2.88,battery
145.0,1,24.714184972839135,10.038679298714072,0.9184914490746108,15,1.0889704644376548,0.5248663407531527,517.4307108226035,0.077863189141831,23.74417257075918,1163.0134179444779,1173.8887121802863,1202.9128620234733,1181.5704217182763,4.92830067529774,3.4416659467412556,1,0,0,0,M039,2.88,battery
145.1,1,24.541972212715386,13.145713065547577,0.9184579805930625,15,0.9071911828395209,0.9230186869846967,499.4243876685779,0.06655688400983327,23.808037360238384,1221.9423043564282,1191.9038874645466,1232.2028995102728,1142.26980611845,1.1098244054891058,3.8494185410046597,1,0,0,0,M039,2.88,battery
145.20000000000002,1,24.628470908229655,13.967114427417515,0.9184193498548406,16,0.8596950377915307,0.4561988582799135,479.60584291013464,0.11565432643672173,23.828910377217646,1193.806327739238,1228.6385594352232,1198.1724166339043,1194.0829393667561,2.723029553372311,2.1641785680582246,1,0,0,0,M039,2.88,battery
145.3,1,24.598724386440278,11.60093820019815,0.9183875236724983,17,0.9149001384058137,0.22884392016643879,526.762251353725,0.23959985652492097,23.415710521032793,1171.6740698271883,1203.6792690124598,1229.5628594571529,1184.1655239906374,4.5279498202899955,2.400617466389457,1,0,0,0,M039,2.88,battery
145.4,1,24.45877824597233,16.059966925248943,0.9183577686799598,16,0.925021237484753,1.2528545177870933,504.654373157566,0.05766857089577688,23.25899833177901,1207.599156603029,1203.843107369815,1170.7624167535641,1220.3124133290853,5.9625565191132575,2.9834978115167505,1,0,0,0,M039,2.88,battery
145.5,1,24.49534716181465,10.893720182382356,0.9183254223517571,16,0.8946863216230857,0.33643689667409216,513.3146448847571,0.11305996068488235,22.85235834030071,1179.9069904411922,1218.2088706564614,1154.7892163977244,1213.8101685499078,2.5929699803517665,3.226173852154668,1,0,0,0,M039,2.88,battery
145.6,1,24.502327607454525,13.768205314168615,0.9182954145690417,15,1.3032805308796271,0.41750346185843046,472.12739375585886,0.10303483203761948,22.55822237056033,1183.1836930455554,1179.512042004088,1173.3720100677065,1175.7872682151722,6.555017679653419,3.1802888513867007,1,0,0,0,M039,2.88,battery
145.70000000000002,1,24.56057620082971,4.3018677945454495,0.9182570556467715,17,1.0768762510373884,1.174970568163041,460.1848455754189,0.03913593146237567,22.70830813330332,1214.4151213932073,1211.3964432768685,1173.5901011436397,1220.1293345773136,1.588636862361756,3.422204458413689,1,0,0,0,M039,2.88,battery
145.8,1,24.4897170036934,12.786920360293635,0.918222541265613,15,0.9299594309017515,0.3008236220817693,497.3651852600787,0.19770735557228591,22.746280540711055,1211.1430126231944,1216.0396025803127,1162.8590609234195,1213.8525661091105,2.74674970247936,3.2260926721635554,1,0,0,0,M039,2.88,battery
145.9,1,24.75782838967813,11.563242679371061,0.9181912681929634,17,1.0769055176489777,0.6924171844388722,493.63173517921547,0.06105030175301832,22.52355078296258,1158.46715837613,1169.9287631627278,1199.6821238078498,1231.4366606915248,2.6129080183931293,3.5196870204952093,1,0,0,0,M039,2.88,battery
146.0,1,24.522468081132704,6.274259370758724,0.9181582619722006,15,0.9351299128119213,0.1297874619710349,500.01606735039917,0.2584592865685104,22.33729795486773,1197.0375651294403,1145.0852885385762,1210.5532508912195,1231.1514072957905,3.009632439732553,3.2836156914607892,1,0,0,0,M039,2.88,battery
146.1,1,24.31042908439103,11.241286864405552,0.9181219779249481,17,1.0062108639869267,0.46585256500759664,530.851320190224,0.10688357825784603,22.90969276559018,1178.5805311704228,1154.8289812496691,1177.0424402482133,1186.3675858122242,1.6100611947326982,1.9048230455124746,1,0,0,0,M039,2.88,battery
146.20000000000002,1,24.605437164443046,13.977213826498346,0.9180887962706858,17,1.0441781805018184,0.9744225548208698,507.86697551739354,0.12949311653988727,23.504242256220394,1182.6327636537314,1200.611867784188,1193.6877686256007,1228.516699420548,0.4951308041025236,3.046925725915659,1,0,0,0,M039,2.88,battery
146.3,1,24.432945304314547,5.202243647481796,0.9180558954729691,16,1.0788721531128833,0.8693284535122667,486.34371379518194,0.26268221668240926,23.191290933744416,1187.8440659953715,1177.8888488577804,1166.1629118285193,1240.4853500818535,1.7430522417837389,3.6815338852213904,1,0,0,0,M039,2.88,battery
146.4,1,24.650018509732273,5.708067666927131,0.9180309052140371,17,0.9806769480394794,1.3295023515487283,470.4800609583845,0.1656185770805931,23.204073659033323,1179.1281513057309,1185.7858677942827,1227.1727406845384,1221.0134352822356,2.6929028800704815,2.743730571810401,1,0,0,0,M039,2.88,battery
146.5,1,24.49929409593893,12.761427695724546,0.9180007405617501,16,0.8834831568277037,1.0296613754134352,521.1519122883074,0.1512423738525827,22.8556615830015,1189.7170347023423,1183.8619371603918,1253.1968545031345,1185.7726599903485,5.5162617044075395,4.099204909692325,1,0,0,0,M039,2.88,battery
146.6,1,24.3596865562473,12.395673494955169,0.9179656087829662,15,0.8599355697693291,1.2947556556790865,510.198828603966,0.17607006140667372,22.83983726161796,1184.0113840742845,1162.5628259405055,1169.4677220963197,1194.7790335305567,2.0205965188334405,2.3606083025452214,1,0,0,0,M039,2.88,battery
146.70000000000002,1,24.48618445191584,17.747766937653587,0.9179345428916212,17,1.0693382770017208,0.7531435143580838,504.1892482546833,0.09985345347742199,23.027596008626286,1186.4589441282449,1229.1831664823446,1215.678077252191,1202.271990842633,1.2843906364945072,4.802499875547144,1,0,0,0,M039,2.88,battery
146.8,1,24.480519699980096,6.35771352586601,0.9179114046670311,17,1.1757548062879797,0.7387178484078099,512.723136690531,0.20993976720263754,22.817199144552504,1183.551522793506,1186.89952466243,1141.0949545602114,1215.6714642015927,2.71187239842227,2.1388723143393307,1,0,0,0,M039,2.88,battery
146.9,1,24.4601150656008,3.8663060413674506,0.9178833981463567,17,0.8830606277801429,1.0455427178932486,499.58084158524457,0.0480673615279767,22.700172274261792,1197.5529955796262,1201.795103825587,1218.8689233818757,1204.6217472485205,3.0141632293149656,4.496275565777715,1,0,0,0,M039,2.88,battery
147.0,1,24.540756782019756,13.654986385627085,0.917855391322449,15,1.0254588462123349,0.7489439222313841,530.2948890932836,0.06891820175613605,22.43983571544592,1201.2965960181891,1208.7061849100205,1211.4691563728804,1213.030939859856,3.3230049721977037,3.2734807287149925,1,0,0,0,M039,2.88,battery
147.1,1,24.603074719672776,12.164877077785151,0.9178230608934068,16,1.0708868015131143,0.10071849430647889,529.0152329102157,0.023026315337242094,22.27680971360739,1207.4479344472054,1203.2792470954103,1220.1264176302068,1173.5305248749219,4.26066574474806,7.718951932335296,1,0,0,0,M039,2.88,battery
147.20000000000002,1,24.356852608955187,10.869160780543723,0.9177883813657266,17,0.9992439333872022,0.1905615931974325,521.6982504954252,0.13925063886741806,22.187725432046722,1208.1659660398668,1212.0927361233155,1202.543316420075,1218.6147016163775,4.266321850140884,3.317590473040218,1,0,0,0,M039,2.88,battery
147.3,1,24.72932988402479,16.143617660647077,0.9177646804152955,16,0.9330676985668055,0.9188203514707766,491.7260413265309,0.08099690682990296,22.407857959045796,1205.2302539182706,1167.2627378252262,1161.8919586854463,1194.8299791208176,0.23250176585717297,3.3843423104760237,1,0,0,0,M039,2.88,battery
147.4,1,24.28060156165483,16.464067347514465,0.9177300696051578,16,0.9568496864667247,1.352602215269488,502.18481437293514,0.16647531984043665,22.596023427915583,1196.3529044888335,1185.2747832071366,1216.1443951627616,1185.4421893493557,3.4563251782085977,4.242236136297325,1,0,0,0,M039,2.88,battery
147.5,1,24.391738739099164,16.983868973894932,0.9177008730038219,16,0.9702696867165684,0.5693088214653652,499.50448208347905,0.11392170912373535,22.119658736503258,1200.3745189651736,1207.6146241263932,1183.002239583351,1193.1197007187939,0.4098334633427073,2.390816623993716,1,0,0,0,M039,2.88,battery
147.6,1,24.35062969205029,13.114759869684676,0.9176684964706938,15,0.950957714964508,1.0645421593444968,504.53902595209007,0.13306130945410677,22.00265190222065,1157.8190527746333,1204.8912549657907,1203.6489652662412,1198.7461783328567,2.7892247271156227,2.685230174054629,1,0,0,0,M039,2.88,battery
147.70000000000002,1,24.276385096091836,14.812382757630134,0.9176409344309797,17,1.1201684816609343,0.6251464216102176,484.8817115115371,0.19164744557248561,21.668404138852654,1227.0760100123846,1222.7991984172709,1231.650935627366,1200.1622504519687,2.1564069768216227,2.3690607741916954,1,0,0,0,M039,2.88,battery
147.8,1,24.414866877254884,5.684186746382838,0.9176126533158095,15,0.9445945990672254,0.7278784068500326,517.8784281203635,0.13892025887557455,21.35089951642957,1186.1865153454014,1188.304254681087,1158.4649397724754,1215.7373165783429,0.6700604998447997,4.4425513278648285,1,0,0,0,M039,2.88,battery
147.9,1,24.271729953038513,19.320485174242044,0.917575616615517,16,0.8450245122554197,0.8090240588337325,518.9806803844648,0.26497548780051683,21.082446182897826,1162.2385311607054,1178.8496317568195,1197.6742478726105,1178.3366286995172,1.184169380265543,2.609201632308424,1,0,0,0,M039,2.88,battery
148.0,1,24.584559640231806,7.933286962460171,0.917543476397689,17,0.874861531511641,0.34054539093488945,531.8195696931682,0.10272239190104238,21.03420488779923,1189.7912913590467,1205.0456106629426,1149.5497300743998,1215.0101368781243,4.121370786826967,1.7041149190368114,1,0,0,0,M039,2.88,battery
148.1,1,24.311084713564135,10.15814919548699,0.9175106674299851,17,0.9469592214826742,1.64049217601923,490.04289789171236,0.17090058822577794,20.730460766503608,1175.8681458029453,1213.8766208516133,1204.511253509638,1201.31365052627,0.7152852076770468,2.90991000042523,1,0,0,0,M039,2.88,battery
148.20000000000002,1,24.183246712221354,9.153294409616306,0.9174803491694493,15,0.8760476014390154,0.9005503058596724,523.3397991260384,0.06901555757096305,20.751866220760945,1212.0708561796716,1164.8424883261923,1270.329957448396,1237.5051670543812,3.4014244935923075,5.110272778280869,1,0,0,0,M039,2.88,battery
148.3,1,24.454607863529535,16.829708869486282,0.9174461838017427,15,1.0475087899140083,1.3139983764879515,502.6421840601596,0.013722189936389517,21.081724602681824,1218.1163757083748,1199.1777717667483,1198.4845955259486,1181.387786480275,2.460489538519113,3.8764911719884334,1,0,0,0,M039,2.88,battery
148.4,1,24.398415700040196,7.423374562031771,0.9174205854309038,17,0.9682746907705329,0.908388155904182,523.3242536656077,0.06495561899768137,20.771954226300497,1178.5540237124155,1208.9086920729767,1132.7260940133626,1203.764627057802,0.46322108593567923,5.084216121931204,1,0,0,0,M039,2.88,battery
148.5,1,24.241936642278066,10.373736088724026,0.9173847195851266,17,0.8779110708290013,1.6762692484753305,492.07041580902535,0.11289604044363523,20.48946117705611,1231.9451599224433,1236.3788920683326,1206.2925329641957,1177.0213839560506,3.2501443342523695,7.7142276622900265,1,0,0,0,M039,2.88,battery
148.6,1,24.51723397225512,8.763790461744982,0.9173539314984482,17,0.8648682595192584,0.7275905672628991,518.6165229723026,0.15252698852372318,20.32763897623178,1243.7281939804923,1220.7698127486458,1181.8678015255416,1183.1804514447801,2.1970892320501996,3.3485415043501408,1,0,0,0,M039,2.88,battery
148.70000000000002,1,24.43345311592299,17.576256306227506,0.9173167685932109,15,0.9537557541014674,0.09947354860122383,517.3967993956821,0.07974280363922506,20.008439843642,1249.9987026438278,1193.5589691517087,1200.899764448043,1155.081203923957,6.048263123702249,4.05948970129411,1,0,0,0,M039,2.88,battery
148.8,1,24.315628680996397,9.728507056557756,0.9172866293926726,17,0.8671228791794632,0.05935336152444597,492.06538708213594,0.26490943505212977,19.75728130013729,1205.8638568536605,1183.5812191329221,1167.2244960879484,1192.269195895022,1.6089040666720735,3.569645282277044,1,0,0,0,M039,2.88,battery
148.9,1,24.2927042631067,13.224963229155925,0.9172555094113749,17,0.950360519122716,0.18070421423427105,513.3672529597868,0.07743645125772912,19.919972962747714,1220.8600372583116,1221.9341358273357,1214.8761158800971,1164.8601418966991,5.0815003606813525,4.128256271806217,1,0,0,0,M039,2.88,battery
149.0,1,24.273972818148888,18.864413455019797,0.9172208512972133,17,0.9036081954293929,1.161638125359076,496.0313369754508,0.14934412764781763,20.07880198204815,1192.3915596056054,1259.05287260179,1216.5371389875165,1248.159178265314,0.7104632075985448,4.948962920026361,1,0,0,0,M039,2.88,battery
149.1,1,24.65398030187422,13.63002368120286,0.9171868688082433,17,0.8973349370101338,0.16584304723217086,499.4046497557956,0.12842311113576496,19.398964617937953,1232.7259467733404,1167.2030401863149,1168.6912242369854,1198.1325927140997,4.3882299259111655,4.670977477213911,1,0,0,0,M039,2.88,battery
149.20000000000002,1,24.265575552451878,18.61900785278284,0.917151996254918,15,0.9218360765102054,0.10466334013256576,499.2710143543716,0.1603856209698187,19.502700796123452,1235.9355859443215,1227.6111341378319,1221.0439785516567,1215.148102841433,1.307904959292174,5.39467479501428,1,0,0,0,M039,2.88,battery
149.3,1,24.16634658964216,11.865317237006899,0.9171208369008058,17,1.0563166263527284,0.6079670527332308,501.4907848392402,0.10483543539776652,18.984060000898175,1165.3461948561667,1190.7197918911093,1221.2840081653042,1214.5244346579523,0.5918622383657107,3.4464271468916086,1,0,0,0,M039,2.88,battery
149.4,1,24.387595354765605,10.956024357837581,0.9170865241899542,15,1.2128272442593075,1.3687298757331074,514.9199901047616,0.05956900908411347,19.018416767268327,1209.6086314963743,1180.623437349367,1176.9091317941295,1174.432521829071,5.503259923538418,4.223870911015888,1,0,0,0,M039,2.88,battery
149.5,1,24.308205019999527,3.0087665699014634,0.9170571415431635,15,0.9491624592609808,0.9075604839989769,504.32420720737707,0.09006936950068083,19.075910300676078,1190.4767675939904,1194.0567095557367,1232.2929890385856,1177.9544433451422,3.2213479064868675,2.016953537460385,1,0,0,0,M039,2.88,battery
149.6,1,24.226962124299185,16.263229533663722,0.9170200394210286,16,1.0933615377642012,0.36273087620612104,504.86041205511503,0.050053450492861494,19.95397893812818,1201.4347888000843,1205.5328073046765,1171.3901122368818,1211.917378149454,3.842232418667106,3.6175141729540927,1,0,0,0,M039,2.88,battery
149.70000000000002,1,24.291961815692606,19.035138845542317,0.9169835020228848,17,1.1310053104039892,0.7469095882979859,531.6505851337232,0.05905064098552263,20.455589334682823,1199.9793600309863,1214.1910260912493,1191.8103503942828,1221.0347480816026,3.949249126768456,2.218079487052097,1,0,0,0,M039,2.88,battery
149.8,1,24.32660182308027,14.487285988475499,0.9169543453173992,17,1.0496075164657723,2.0261807486710204,520.947123445328,0.01003923509175376,20.685948016515656,1183.2663705183081,1178.610101892543,1174.2501764003136,1208.6786893646806,2.525383331127947,2.6901633911628693,1,0,0,0,M039,2.88,battery
149.9,1,24.247421747052886,12.452231300067748,0.9169262303970215,16,0.9937658889886315,0.6706106411185391,491.8323519516788,0.07886754768652278,21.239767803114336,1206.6214949929263,1205.4229943294927,1206.7984704054338,1198.4818414182496,1.0753227533856282,2.9718941094943743,1,0,0,0,M039,2.88,battery
150.0,1,24.24821760779935,9.920020665746295,0.9168917614369472,15,0.8693567430732937,0.838147593304744,545.5919623127961,0.2366794933802695,21.201702300760456,1214.8160038712633,1172.947766717443,1206.1338286100467,1224.1065231783955,5.056278330252001,5.235491453657859,1,0,0,0,M039,2.88,battery
150.1,1,24.018187714236408,11.459203162307194,0.9168591978581152,17,1.0744216706048246,0.3586723698641404,495.99079841354757,0.0757668648012221,20.819763545987556,1225.8769376871392,1195.8785842830916,1200.780874606037,1173.812509646348,5.1735487996192635,3.4842158202192595,1,0,0,0,M039,2.88,battery
150.20000000000002,1,24.238302563352914,12.044608845838127,0.9168222396964835,16,0.844853343455246,0.6673765312458848,475.8508108343922,0.06611361152835385,20.92390003506658,1252.483930117859,1241.9194927323692,1161.8452136182398,1208.6866927094036,4.850786914549619,2.2028146848801793,1,0,0,0,M039,2.88,battery
150.3,1,24.272495893941244,10.360091107454831,0.916796350050951,15,0.8619687666032886,0.39426522009900355,505.7816099244482,0.07971805557663822,20.54123453694999,1190.8924941872299,1210.0717013827448,1196.719177521475,1220.3075622112315,2.654105807683612,2.095225109949617,1,0,0,0,M039,2.88,battery
150.4,1,24.11787796768917,12.596714014122522,0.916764815298097,17,0.893719172739929,0.6714095942557382,483.565614677519,0.12636629392644116,20.209714913151405,1211.9130314351419,1205.603187173586,1176.8373406132596,1175.2530890324194,0.6203241024467907,5.660234401760296,1,0,0,0,M039,2.88,battery
150.5,1,24.289885628999315,12.651035802238763,0.9167378441844853,17,1.074646592782639,0.7122178591255195,477.00188685754154,0.09843387564653394,19.984954551296113,1243.566095690813,1207.8070891562197,1225.221904212543,1204.107347561874,7.150454459569939,2.2969826467535666,1,0,0,0,M039,2.88,battery
150.6,1,24.13012742675393,17.096736650077393,0.9167066931418599,15,0.9489789799853281,0.4959258295654058,499.70229718594015,0.12075096981014347,20.00839740030182,1189.7141534282227,1208.086859043402,1212.1871941404002,1216.301838516989,2.980198506040961,2.61822696603142,1,0,0,0,M039,2.88,battery
150.70000000000002,1,24.26747036159085,10.19061812075476,0.9166742352938494,16,1.0897892429829779,0.34299721358467444,513.177209532898,0.1789805473228564,19.56521919579318,1145.0942866916619,1246.7239799389147,1194.8459553270634,1211.171740396438,3.3219998048966883,4.327207338941108,1,0,0,0,M039,2.88,battery
150.8,1,24.07739538762087,17.50678190343984,0.9166453000650949,16,0.8988776908448571,0.4296464914918443,490.0723506455427,0.061610018047300236,19.410988883571246,1195.9602249178993,1205.0341822779042,1177.6401191730392,1184.8981455605458,2.6491272211837025,2.9202135186272367,1,0,0,0,M039,2.88,battery
150.9,1,24.272877738168884,15.3411868489567,0.9166224976287631,15,1.0119008875887987,0.9834768083922285,516.0940964013009,0.07950260758289988,19.464068733438197,1216.451888847157,1205.7513001645834,1201.7240263092308,1159.1683466080376,3.429906226560136,4.507407864533964,1,0,0,0,M039,2.88,battery
151.0,1,24.369062029125413,12.429822703768892,0.9165910754225635,15,0.991009850764339,1.1983836923242337,528.5059116224661,0.18022241716588644,19.112772851232815,1207.784719914228,1187.919704040679,1194.7122178450716,1217.1000274930536,1.705937220663916,1.7980615380764382,1,0,0,0,M039,2.88,battery
151.1,1,24.181202542908586,20.604011995937412,0.9165568121140606,17,0.8721995161609373,1.0379400488102124,507.76806643021854,0.08563455995376898,19.1246572866819,1199.690902853386,1179.9917701777472,1186.8857800324326,1211.1518671901763,0.7297112112595645,3.341837280380336,1,0,0,0,M039,2.88,battery
151.20000000000002,1,24.16704201582507,13.521247713094633,0.9165248046730653,15,0.9844536048912451,0.3906673500989863,508.1927497223367,0.24730316040489742,19.188477793649007,1183.194521903903,1189.3795538752763,1167.9583679199602,1172.553636389199,5.638773120726351,3.383133896564752,1,0,0,0,M039,2.88,battery
151.3,1,24.030139325923848,12.547197493202358,0.9164893217676554,15,1.1683732459738958,0.942058891839481,534.0812105947913,0.1612369658206982,19.124918611977908,1211.2679992084602,1205.23483883083,1206.7644401478087,1185.9629059084684,2.8001615580389396,3.763493324900927,1,0,0,0,M039,2.88,battery
151.4,1,23.89613348589502,11.772357082517217,0.9164550672159001,17,1.3600542860139389,1.1144406795321096,506.96635069270036,0.03748174780492909,18.572364483921277,1176.8187159854378,1178.9513126251384,1206.225050934079,1250.9926198468925,0.499436785495713,1.496552918182865,1,0,0,0,M039,2.88,battery
151.5,1,24.17960213999831,14.049778776170509,0.9164286808724429,16,1.0992121334807359,0.3883368439625835,487.09407545282534,0.1444874478492406,18.175342063311476,1239.8983186708706,1207.6031102833108,1198.8373285726357,1192.3974368899023,3.739234789817041,3.9292887576902604,1,0,0,0,M039,2.88,battery
151.6,1,23.957761401893944,16.148348694633746,0.9163992616915716,15,1.219947102073198,0.9134833186075596,511.49970702944705,0.20061656959590132,18.034743238133224,1256.8769658435965,1248.4662020712772,1227.2433523766636,1158.749782261082,1.4557192772803649,1.5868251163608282,1,0,0,0,M039,2.88,battery
151.70000000000002,1,24.124980991487057,15.08089177936836,0.9163729204214752,17,1.026888755553236,0.6292913967800986,497.72067632819,0.13066176792565662,17.861807484917282,1165.45468699746,1231.6618576022383,1192.4744514234735,1180.2722186618357,1.510180939888205,3.2113749196531955,1,0,0,0,M039,2.88,battery
151.8,1,24.26811871020002,17.267311097296638,0.9163421113091258,16,0.9117899041067671,0.5604291582106582,516.4488141736562,0.11371074936317534,18.19185134076278,1199.059198108019,1214.9996606788407,1232.6567097438292,1206.6756343839095,1.5624640633033027,1.9662685346864484,1,0,0,0,M039,2.88,battery
151.9,1,24.217974288196107,8.304465979297412,0.9163105214224034,16,1.1295278420623598,1.1999199683335173,518.7490731554691,0.1764660393693131,18.090062040504048,1210.197211603469,1214.4433014274862,1204.1344006620654,1242.9586507126912,1.9169761236373526,2.9749303658667703,1,0,0,0,M039,2.88,battery
152.0,1,24.42917425672512,12.39440042338567,0.9162787528820673,15,0.8417974156099312,0.2978447901560223,480.99743623450206,0.06874712799019253,18.210758644146736,1193.7424962229234,1165.3160428087383,1176.5033490127817,1207.8391070080738,2.768258195967614,4.217528905943226,1,0,0,0,M039,2.88,battery
152.1,1,24.13380454658972,16.259489597007224,0.9162508024966686,17,0.9790669847426398,1.2584173497766376,491.0171530305106,0.021595352696759322,17.692735508429035,1172.7797235460878,1210.603516996139,1188.469802428545,1225.8036216387864,1.4158488586804419,4.137467599868437,1,0,0,0,M039,2.88,battery
152.20000000000002,1,24.217141222744154,11.234393540677923,0.9162249429965168,17,0.8082844439766217,1.6918253592205663,526.8457434033921,0.062348703307533705,17.640151798243693,1235.0681033069486,1183.7336313571755,1244.6702785561304,1255.001616372294,2.422293485840847,2.0840628292825976,1,0,0,0,M039,2.88,battery
152.3,1,24.068157433481232,12.399184834639872,0.9161987164481242,16,1.0332769744160575,0.2209178934884145,495.2277264999022,0.019104685529091184,17.48314234592603,1195.2117627783562,1175.2512205374062,1203.2443791359037,1192.0702235704257,3.5953697147441144,5.600291705270069,1,0,0,0,M039,2.88,battery
152.4,1,24.178145841304588,14.871232531800755,0.9161636338377948,16,1.0264385741284263,0.9977804964081949,513.5603738794165,0.15439728771265007,18.00648615801234,1242.1427551520935,1212.869220265581,1206.2375745416603,1209.2603752198165,2.91710368212485,5.94601707128617,1,0,0,0,M039,2.88,battery
152.5,1,24.059009613128243,5.199801783462668,0.9161283989134741,15,1.0015565464492067,1.3293946867310988,516.6290239796831,0.06699134438218544,18.286122493580624,1215.4233634796992,1198.7170043640872,1222.8699683730372,1178.1268189818422,1.5382814095023871,2.1104893216830423,1,0,0,0,M039,2.88,battery
152.6,1,24.146342375559055,17.532781780257828,0.9161000803504373,16,0.8982779421500281,0.6313762455720561,541.0551151256167,0.2597385505161577,18.6790386327088,1213.1498423919456,1179.9396485367602,1190.1923774342683,1184.2417213428298,3.9036452964157515,2.399276921365794,1,0,0,0,M039,2.88,battery
152.70000000000002,1,23.88409841874532,21.005577267550812,0.9160627875469153,16,0.9002513524649546,0.9135288225135031,541.228101496125,0.04412142784185874,19.021708097705627,1190.4839162158196,1192.461344034472,1209.541783761293,1173.5997415142112,3.562963000642027,3.6151507535187455,1,0,0,0,M039,2.88,battery
152.8,1,23.927614758812183,16.032998964410165,0.9160352396835381,17,1.0659692970433516,1.0824650414653905,492.4088730052402,0.19220534585565413,18.85371775201615,1183.0000000791256,1159.2714989343053,1208.4519143254279,1214.9418895949398,3.205360357048506,4.5889238076869425,1,0,0,0,M039,2.88,battery
152.9,1,23.856133555229235,10.789603835689885,0.9160056409399968,17,1.2040787050102808,0.5436970388611303,502.49182762319793,0.08624021550277662,18.997515004769877,1186.5361961613526,1179.750158846713,1199.1410556733015,1202.9967309330636,3.3263782012614733,3.232452703635914,1,0,0,0,M039,2.88,battery
153.0,1,23.922031093001376,20.25125121607941,0.9159697014659804,15,1.2770149631003314,0.5828517821643739,480.986749952281,0.06703122733734158,18.95114002914377,1170.879062432065,1196.5454964994246,1214.100533803153,1205.969094800051,2.5814559880077703,3.454730998318356,1,0,0,0,M039,2.88,battery
153.1,1,24.02414855083652,16.940185809805996,0.9159357595056908,15,1.0009328681291378,1.4686733021441394,533.7265336780606,0.1652902038195448,18.685399111129826,1185.0488920348175,1179.2526619120417,1194.362093080668,1196.259188251126,3.1322350415090745,2.5710315474921046,1,0,0,0,M039,2.88,battery
153.20000000000002,1,24.036387760058407,14.00958735036777,0.915910076357017,17,1.2215023584132154,0.4889231561485071,521.9923866022842,0.22008737128598752,18.80990893295417,1201.0664542784887,1202.1453014851581,1209.3215162400188,1207.5909342384468,3.950639798708285,3.414239676535104,1,0,0,0,M039,2.88,battery
153.3,1,24.20714475751644,15.772462226430008,0.915877728045046,17,0.8575446841592048,0.7599289760508707,487.4107080522044,0.1687561603410789,18.42887483089531,1224.4453120601547,1217.8605379873939,1226.2645434718238,1213.0721594834004,2.1555788083159344,4.135750817514116,1,0,0,0,M039,2.88,battery
153.4,1,24.321558316525422,12.820387380173985,0.9158555934191513,17,1.0498935324297238,0.28378637047570227,491.28085949235464,0.06726191117088832,18.5920652391329,1188.675905204525,1158.3772337655305,1229.4691316215535,1171.5535279618366,3.009113071492968,2.0754790013066127,1,0,0,0,M039,2.88,battery
153.5,1,23.795151505461803,19.189095351465923,0.9158193155644947,15,1.0157012588786496,0.6301506018425739,499.467333967123,0.14257271630183005,18.390329410001847,1207.789915977159,1164.0622757262329,1203.1104603522995,1175.1222518791667,4.58768346316993,3.6015256296678264,1,0,0,0,M039,2.88,battery
153.60000000000002,1,24.26653442072985,10.484872455865148,0.9157850641400865,16,1.0062499769768047,1.2132912605387047,536.8320597928249,0.05839031225640887,18.901898912683095,1178.870568895408,1177.515763671564,1176.9062496481179,1223.3224886714515,5.830904061450074,2.601463478373169,1,0,0,0,M039,2.88,battery
153.70000000000002,1,23.925747799210228,17.99570494365267,0.9157432349012431,16,1.16820434269356,1.6022329676775484,491.654684573488,0.12997007218529924,18.948659501981957,1134.069168554986,1204.8339570296948,1212.2433131200823,1202.9215308826674,3.2594185078804694,4.333917244965722,1,0,0,0,M039,2.88,battery
153.8,1,23.98357557260102,12.033739747582622,0.9157152183028674,17,1.058645929607996,0.5886526269846518,524.1270393808772,0.0679087002707662,19.06371309272895,1244.9843202505367,1198.1657891241532,1229.6097439734003,1203.9961531235401,1.5397675673444693,3.4292462209078174,1,0,0,0,M039,2.88,battery
153.9,1,23.986411988010868,10.868418444081101,0.91567753631772,15,1.0590651777173032,1.1469986575211752,529.0453127520941,0.061165256513215166,19.42122656506246,1241.2566887256646,1246.31009361618,1164.769236008166,1183.5671425302196,0.5236573195584078,2.695814529242018,1,0,0,0,M039,2.88,battery
154.0,1,24.24407286673163,14.838247941284244,0.9156514054115639,17,1.014271099888375,0.3155147216904332,472.5027590024121,0.14629355845037192,19.201448375787237,1242.2105446169185,1210.851519745435,1194.1414794154514,1141.7662785190812,3.802194381617774,4.1890617672253825,1,0,0,0,M039,2.88,battery
154.10000000000002,1,24.001966603049137,13.15666070397604,0.9156158340225119,16,0.9460190703292723,1.5440768607214037,531.8313979639698,0.03682529388631544,18.977685991316545,1197.7659858824559,1224.0839628466554,1248.550213524373,1251.8959512032318,2.8141941071683494,1.6178876531434816,1,0,0,0,M039,2.88,battery
154.20000000000002,1,23.94861514826073,19.99892775830265,0.9155850602027297,16,1.0603617029378485,0.7123490651732363,539.165060708463,0.21951313661688102,18.917349693600176,1196.5909524591939,1204.8499822856818,1240.7807632712843,1228.6063059577677,3.016430208577167,2.544866187281854,1,0,0,0,M039,2.88,battery
154.3,1,23.863054982095363,17.28865009397078,0.9155536069853479,17,1.074506292773398,1.4407312729239552,491.40405950374594,0.08837946020497067,18.250285149546784,1199.0128791764473,1178.939097023029,1220.4496007733833,1202.369919278664,1.7753905124753773,3.450508292775295,1,0,0,0,M039,2.88,battery
154.4,1,24.037568645633872,17.087183743163504,0.9155250620508353,15,0.8428166102931363,1.3126194127413902,470.45897059425073,0.1561463118033805,18.455532271416015,1214.8326800554755,1230.7619081841206,1230.5848296296601,1173.4610458257437,2.899560287658721,4.870719272080546,1,0,0,0,M039,2.88,battery
154.5,1,24.146810607632727,19.877988061913854,0.9154925282762307,15,1.0387268359686295,1.1640936973662477,490.3568089589765,0.04964311418249224,18.33121976788704,1168.4774563118472,1145.030219404442,1143.9687351622674,1181.0178856681928,2.1726637117316283,3.094914432065293,1,0,0,0,M039,2.88,battery
154.60000000000002,1,23.993340054170467,12.85296606482922,0.9154633913846708,17,1.067017866585248,0.9634130023893165,493.8395539032319,0.14089108466896652,18.67564422006772,1190.9600051319483,1152.0370289400962,1218.4279635522942,1236.7067320081567,4.563991292286929,6.408001763027205,1,0,0,0,M039,2.88,battery
154.70000000000002,1,23.898719644732758,20.05797612415131,0.9154353243453509,15,0.9086151275996521,2.7056339591349525,521.7827799835967,0.21518558487553746,19.217346358917606,1188.2789151528677,1215.4702809595094,1208.060505483961,1231.9314393614957,1.2653101186011888,4.837880202564478,1,0,0,0,M039,2.88,battery
154.8,1,23.948826546318383,15.734936772722122,0.9153983105754108,17,0.9781206065997663,0.9014693935608387,464.74518449008565,0.09534270800614204,19.157367251921592,1210.5686150164672,1234.9180865623794,1196.0087279564843,1144.8125115617718,4.759485988402264,2.379211971186654,1,0,0,0,M039,2.88,battery
154.9,1,24.012110073978103,11.49329441153668,0.9153716913515163,16,0.9374181260250589,0.6433992031224975,538.3052481107954,0.45275853370714,19.2237835441239,1169.9925443787088,1176.5471413196613,1266.1757340894499,1208.1942126811452,2.234452070195446,3.9169808012583975,1,0,0,0,M039,2.88,battery
155.0,1,23.856140027426633,17.57841527716753,0.9153341590376962,16,1.0787405061251085,0.9767633515249631,481.88280859949765,0.15742912827570157,19.29363728240196,1187.1524363078274,1226.7131736909066,1197.1695470563814,1194.079200260553,2.918580951293102,3.5093973395623395,1,0,0,0,M039,2.88,battery
155.10000000000002,1,23.825222852332224,16.408815745614138,0.9153034538628537,16,0.8505904938518268,1.4351074825990253,479.8732335801452,0.4556138357122687,19.188492938727286,1179.64792483362,1251.1913497971175,1136.3371838895926,1153.7888378590756,6.522326128592586,2.8662587078637163,1,0,0,0,M039,2.88,battery
155.20000000000002,1,24.09905818128184,17.20123820918492,0.9152716291531632,15,0.9901164488949937,0.9701635597921302,474.2696401240866,0.20176565282317666,19.257412209818376,1201.956507032731,1215.4536376222616,1225.0801322993382,1191.4855203639975,2.2511481501036874,2.110078780376443,1,0,0,0,M039,2.88,battery
155.3,1,23.753780122026228,13.857628400949057,0.9152415933023423,17,0.9649442961952872,0.6294798938770959,483.8904796982398,0.03306846725132859,20.03147337415087,1217.002629401508,1209.1644485218792,1170.2700459689029,1224.969218231914,4.8433008918975196,1.943209724049387,1,0,0,0,M039,2.88,battery
155.4,1,23.692507734827487,16.97534510815126,0.9152063137317976,16,0.9813092210892588,0.0478472234248843,538.9391635686123,0.07365409089603078,20.088888000370442,1184.2954189048824,1187.686935366884,1187.99274324496,1183.751274330953,4.335966277535618,3.0867213937087707,1,0,0,0,M039,2.88,battery
155.5,1,23.92067272111941,23.2616549701082,0.9151739298257661,15,1.091083259858627,1.4233799515615595,452.85365798548304,0.17274882503969327,20.025257401654073,1194.9371117811604,1158.9299055058707,1183.4610049388589,1224.1917765367966,2.884281597008962,4.483139891333559,1,0,0,0,M039,2.88,battery
155.60000000000002,1,24.015649061387855,16.25936515978822,0.9151394534494578,15,0.9763363026629982,1.3976134349634899,489.43836853943134,0.16437188278273965,20.286541407892067,1209.4313648089685,1203.7890222169638,1225.1333149649026,1214.2855527956106,4.860561936055694,2.2342724471660502,1,0,0,0,M039,2.88,battery
155.70000000000002,1,23.660571526436176,19.627009565386793,0.9151065013660324,15,0.9433272243856361,1.0422456857000022,474.7306992510379,0.18205537873288413,20.63211017808175,1233.121810980285,1256.5304416438912,1196.2608910307679,1200.8434532296112,1.2110810661765368,2.561448687144126,1,0,0,0,M039,2.88,battery
155.8,1,23.931778966701206,16.44050252745767,0.9150801392517147,15,1.1028625549883138,1.0689610634433047,457.24194532995045,0.07466158698057321,20.78602002233895,1171.6363526385137,1219.458359341193,1188.4351099606906,1189.6360761109981,2.73895045179572,4.645857704529668,1,0,0,0,M039,2.88,battery
155.9,1,23.80673471285866,11.507903392511087,0.9150545126882149,17,1.1539987654859252,0.23852739753467056,487.7320622468914,0.15332322175766921,21.225483953397486,1197.935181069444,1193.2364929634243,1209.4886581287815,1212.8214784356262,4.257513865601597,4.102516443168048,1,0,0,0,M039,2.88,battery
156.0,1,23.611837074676114,14.014215759202008,0.915023162811448,17,1.018134506413301,1.1425364514443759,478.0587167546546,0.1637860811272176,21.135177451138105,1204.1993908755328,1198.1518520778861,1221.0874002414516,1215.9509865213329,4.746800323823576,2.43554368070806,1,0,0,0,M039,2.88,battery
156.10000000000002,1,23.77271600092581,18.53236193631055,0.9149992559752879,15,0.9165738220831053,0.07514207399036296,486.6864655309192,0.1684821207225819,21.617762572588113,1184.600173666522,1193.8851843686043,1203.9469297363084,1267.275972624097,3.1111638890310838,3.126767692698545,1,0,0,0,M039,2.88,battery
156.20000000000002,1,23.801721671455777,19.52396305168343,0.9149670440214311,15,0.9942271058181656,1.7857678914642996,488.4561949341215,0.0647050071538866,21.788445403972208,1191.7349928160163,1194.2150878949808,1193.2228999594297,1214.2343828284163,2.1069048538638135,2.1336816310179505,1,0,0,0,M039,2.88,battery
156.3,1,23.68636642559423,10.374991763452126,0.9149357347755822,16,0.9468805618004092,0.7670776788138405,513.1938022852701,0.026796239516101168,21.922589282673098,1194.923425662291,1206.7845156727826,1228.911482080258,1189.9352933325054,5.223008739427208,3.6953119316545964,1,0,0,0,M039,2.88,battery
156.4,1,24.05748460519711,14.189750628478441,0.9149126774935954,16,0.9888499403859086,0.6006858119480256,504.42685959108906,0.09532108425249705,22.402555341588283,1186.3458170946494,1196.8595328933027,1167.3375494580478,1175.748713396487,3.540624792443785,2.0898079677371686,1,0,0,0,M039,2.88,battery
156.5,1,24.013729725029712,19.28131485059091,0.9148829701127873,15,0.9948597775796827,0.7387107842766357,477.0481261387999,0.1273330355748845,22.38747873665063,1208.3793947666088,1138.086180704063,1232.7063472055963,1194.7825272491255,1.363609032138137,3.9340090703938553,1,0,0,0,M039,2.88,battery
156.60000000000002,1,24.031074702351674,16.007219538149826,0.914853537489233,16,0.9648466906396277,1.8665950533406772,514.7518136556438,0.0745399968621476,22.581555123080957,1201.783732526586,1218.3700021634588,1194.5503246370945,1190.5740489813977,3.169539172356288,3.344304198711497,1,0,0,0,M039,2.88,battery
156.70000000000002,1,23.935951853040397,18.618926912522255,0.9148129698730408,16,1.0124334092039549,0.05817080245342623,508.87154261318636,0.1699300196361588,22.586120891713236,1191.3037395721078,1193.4178830663752,1169.0834826861708,1180.089695626407,0.06615161717644549,3.180491338619543,1,0,0,0,M039,2.88,battery
156.8,1,23.869023746237126,11.666724991087838,0.9147823453743329,16,1.1600118749541042,0.929968402854588,478.97199493120473,0.16858393514215472,22.251652893613535,1178.653770707936,1243.414573540106,1181.4919927601222,1191.5706062768854,1.1075030912117976,2.148727487008825,1,0,0,0,M039,2.88,battery
156.9,1,23.94405850009035,13.277392963040842,0.9147545965262097,15,0.9493383031648883,0.28607461805310375,486.3316325409091,0.03384773041124396,22.43667417240141,1204.7445085144782,1214.2617194182028,1216.7686612423329,1183.443289026941,2.830474575598986,3.6007222239486225,1,0,0,0,M039,2.88,battery
157.0,1,23.92288748438681,16.142965646706973,0.914722087471987,15,1.0078997307090607,0.9523015517236253,515.1636358849432,0.17709291355587867,22.299641134456497,1187.2888481839382,1207.3152542874432,1206.351966209477,1210.2646492215206,2.590143568335596,3.5827685760044705,1,0,0,0,M039,2.88,battery
157.10000000000002,1,23.631079786812986,15.504268768144907,0.9146847461399698,15,0.8500466098666295,0.45990553931780287,513.6474283107538,0.18785718641278387,22.480776133565037,1178.0880565146902,1188.339721398451,1180.1300431459072,1179.5135062130232,5.205857683315171,3.8796528830143675,1,0,0,0,M039,2.88,battery
157.20000000000002,1,23.707224174254986,14.932779991232415,0.914658418939841,17,0.9810923869265941,1.4040651330624097,526.0577267533778,0.1186935551376051,22.28561470797843,1201.336520035514,1173.2244292005462,1210.5152868926143,1230.5262671828057,2.7425829198134686,2.764915849025253,1,0,0,0,M039,2.88,battery
157.3,1,23.673607325857244,10.465590488190513,0.9146328432942914,16,1.2521971726825363,0.24322513859384667,461.73331770112355,0.10690969877928853,22.166518274252397,1189.597552995602,1194.7625265342633,1144.0996298789805,1192.8081688330487,3.870329159923299,1.881788180922222,1,0,0,0,M039,2.88,battery
157.4,1,23.751542968001118,15.883580402647977,0.9146034707722147,17,0.9364647831770367,0.4234911659422932,501.7433845476247,0.14096969477019006,21.848283867347675,1187.1267668984917,1156.0231096991538,1202.8484967008035,1211.4670520043176,2.36646862217486,3.13620569279007,1,0,0,0,M039,2.88,battery
157.5,1,23.59076708841882,19.61564880054395,0.9145735624249984,17,0.8710523848990022,0.9076835511721066,507.8832623019737,0.05793722465991008,21.347336830271992,1215.6386663203257,1231.1007193167488,1176.3044254841232,1197.3814961985058,2.328270059732328,3.0484796220519224,1,0,0,0,M039,2.88,battery
157.60000000000002,1,23.80375597661816,17.95722125377651,0.9145450333087033,15,0.873823361095759,0.4958197027334045,501.3561398916814,0.20238709061830606,20.961048332693476,1245.1209639229276,1194.1518098980282,1193.5496062596826,1227.9304108575895,3.0205611871630844,2.5228940491017133,1,0,0,0,M039,2.88,battery
157.70000000000002,1,23.873970042386905,21.280535441170954,0.9145139928874547,16,1.15859816213284,0.9129014505550476,495.6391566559171,0.06330068116631149,21.070183001142087,1248.0038286312663,1195.1139194667976,1175.832634914554,1209.7539214569802,1.1024621118443798,3.537434331131246,1,0,0,0,M039,2.88,battery
157.8,1,24.02012287565192,17.10652133190211,0.9144851521965469,16,1.0880420215558182,0.2398079511205885,460.96218070700286,0.28903661777725204,21.38203251099909,1172.7621289075767,1218.1865448374763,1182.6602258243681,1189.9394782607146,3.1885543385508193,2.2519459183456623,1,0,0,0,M039,2.88,battery
157.9,1,23.871092174070153,10.021284602486158,0.9144569031423025,15,0.8858481722456911,1.4823168613706441,484.8246239965452,0.2254322053154956,21.260977008147457,1195.842807515019,1181.584897743457,1188.5265762441595,1179.9787284952106,7.058217786116142,4.957793545404363,1,0,0,0,M039,2.88,battery
158.0,1,23.767479315696583,19.091547116884378,0.9144257491795621,16,0.923275500219588,0.4563789680676577,450.5495132862937,0.08388453718014403,21.76664385740012,1223.6488140538152,1209.9938291857695,1225.9461017205092,1173.560217935066,2.4831692574778086,3.351666436879844,1,0,0,0,M039,2.88,battery
158.10000000000002,1,23.744500433114492,17.42858146323082,0.914392796888452,16,1.2058857309540694,0.7051603826110775,519.1113195131911,0.05089203714789904,21.760933748389316,1172.754180162137,1174.8541943084592,1199.7207634998051,1173.7862066547991,2.870088566365533,5.142331681132136,1,0,0,0,M039,2.88,battery
158.20000000000002,1,23.603994083767407,16.924300073656873,0.9143653969219058,15,1.246757456307398,0.6114179182928577,487.9147442380385,0.06588522050725569,21.91568873627829,1165.3786594557982,1195.5102596319462,1210.5355126123413,1222.5769405734277,1.3886217593021584,4.392728206984645,1,0,0,0,M039,2.88,battery
158.3,1,23.85179669231522,13.584082624426998,0.9143356993948667,17,0.9073364676459741,0.29274891908316136,507.87403514540097,0.017929674758474217,21.80840077210337,1204.7723793270216,1208.464635350093,1188.822264540261,1221.514196652746,2.495591146631698,2.7665652408764907,1,0,0,0,M039,2.88,battery
158.4,1,23.68168894678417,20.645154793884394,0.914302190821912,17,1.0496611801067488,0.5994441743530939,496.84139296744064,0.13310360684442316,21.501312355071327,1177.9850226066367,1219.557403389911,1201.390588104554,1162.6235014585302,2.5870025861447825,3.350728754743048,1,0,0,0,M039,2.88,battery
158.5,1,23.68952865025608,20.47025974564052,0.9142694328785361,16,1.0826402661127854,1.1281754027442747,500.46650117810526,0.03251253999907458,21.025258574376412,1204.665947830526,1223.2370069225424,1152.5123437383618,1219.8655270407207,2.9031191967505796,3.032851189447075,1,0,0,0,M039,2.88,battery
158.60000000000002,1,23.641574393436585,13.29167665141965,0.914238938179441,17,0.9767574877119264,0.46018077241878796,510.8937101929965,0.061498192314371765,20.95158570464098,1204.6486511893988,1218.7030433220962,1182.1833357656965,1179.3340327610354,3.8846674896290585,2.791646493226877,1,0,0,0,M039,2.88,battery
158.70000000000002,1,23.6411975204409,17.66727387344751,0.9142101230313354,17,1.0105329733701613,1.236865481547034,511.55210005045353,0.16635661390701292,20.7929790089946,1229.1452772636435,1270.4743723218191,1245.7983198743284,1196.1988747154276,2.4919813304273544,4.479593798808559,1,0,0,0,M039,2.88,battery
158.8,1,23.793543563942535,14.283385762959242,0.9141826076501776,15,0.9219927424416279,0.6537180389234954,473.0400967451644,0.24605471265463058,20.720766626133972,1227.7322051147062,1169.0722736151386,1196.1241254587223,1184.57967288509,5.958791278249357,2.5418675546427862,1,0,0,0,M039,2.88,battery
158.9,1,23.644709420198502,20.65030192256983,0.9141448107557341,16,0.8299994308253797,1.631997042731071,496.74619645879847,0.10402620314195035,21.264475713323012,1189.3587597677415,1206.6041159069684,1200.6221367854923,1231.936119363218,0.33864830413550034,1.5853621694117603,1,0,0,0,M039,2.88,battery
159.0,1,23.541552753577605,22.874946105345924,0.9141179392176998,17,1.041353503571674,0.24765533721827604,513.9132074658432,0.21011913896110773,21.34144967372514,1203.2489123960943,1173.2763606679084,1232.4609029162602,1167.8779247588932,1.9145307442491744,3.6684423482270407,1,0,0,0,M039,2.88,battery
159.10000000000002,1,23.63483398414198,15.085277560440524,0.9140880475067951,15,0.8501003325846515,0.347848531826412,497.47710523609436,0.009546619529853998,21.596510735499514,1207.4961977619594,1173.9363049041724,1206.571765923789,1237.947158191151,0.8667834809592361,2.6055526418638815,1,0,0,0,M039,2.88,battery
159.20000000000002,1,23.580960775930123,23.213521856955175,0.9140575765031203,17,1.0241336326008943,0.46699738929564283,526.6078129829108,0.18065117940576558,22.236998471345885,1222.5718493744062,1203.2183698305844,1193.7285818116682,1212.0645883002753,1.7154046566745493,4.42820570680678,1,0,0,0,M039,2.88,battery
159.3,1,23.810499279930532,9.030612055760013,0.9140360378963577,16,0.8409662645606971,0.8940865287729634,494.2559657281406,0.09448412196153752,21.84794242971959,1160.946826891349,1190.61371098357,1195.0894323379407,1173.237431756492,2.6188865891957276,1.772192003554234,1,0,0,0,M039,2.88,battery
159.4,1,23.76120625250118,18.249947242181946,0.9140071038485456,15,0.9705053709977981,1.1798428676128963,494.6786580847443,0.11386152435600796,21.866936350730498,1196.3429056307698,1195.3226210765224,1190.8608286114652,1250.4509051350733,1.2074969710229078,2.5187839383718345,1,0,0,0,M039,2.88,battery
159.5,1,23.30169610560228,18.36283498769033,0.9139720709725373,16,0.932441309366342,0.47722318228083627,524.6944010107877,0.10924505956358353,21.873735493499172,1192.1534104572033,1149.4806743477861,1236.236113524534,1223.9110331993672,2.7078400736987334,4.064854629199773,1,0,0,0,M039,2.88,battery
159.60000000000002,1,23.507854511724258,16.48998433406626,0.9139455752764245,15,0.9836412406990338,0.938879800973034,475.59871148668316,0.1136859636276936,21.824334603303022,1240.6648712214885,1220.844368969838,1214.786690327724,1189.7034572343953,0.5896005177927478,1.3908406011669598,1,0,0,0,M039,2.88,battery
159.70000000000002,1,23.311877159002968,16.554402013400512,0.9139142384665082,16,0.8705703940311347,0.6912418107971562,516.9522901813666,0.09345709191940976,21.327124996187194,1187.7661897508938,1119.239218576468,1207.9389480317006,1174.0492112659117,1.2164363054668466,6.917353863526198,1,0,0,0,M039,2.88,battery
159.8,1,23.667891336802185,20.38761189816904,0.9138864476931113,15,0.9526692769406659,0.49186854806778135,471.7777901051283,0.08102919530876186,21.427066400505435,1228.5047151043311,1222.0157741366988,1195.1916080053004,1232.2026794627282,5.218000499812366,4.148162960851522,1,0,0,0,M039,2.88,battery
159.9,1,23.46427231573682,18.21399734986485,0.9138521405121038,16,0.8741037179727368,0.36004506695191946,511.502974553083,0.14386291384618688,21.691029604720406,1198.076857066275,1152.7019936692845,1195.109296810462,1205.4283143009827,5.978423218589099,3.398547120152295,1,0,0,0,M039,2.88,battery
160.0,1,23.80742175583062,13.967102416977802,0.9138275598285334,17,0.9106075284617158,1.8574144489324396,500.40955626963705,0.03258678275506918,21.42165035112834,1195.627954937813,1191.6315869356986,1226.0200881822102,1195.586132557817,1.1368378309659235,3.1967733638570097,1,0,0,0,M039,2.88,battery
160.10000000000002,1,23.440644968416333,19.532940413340288,0.9137959008760819,16,1.0342268919272137,0.6960722065845453,497.11250872053233,0.013146761024553512,21.72257538895003,1151.0831115526862,1247.995628760567,1225.5828142990886,1246.9359494113794,0.5937622041845992,3.4485953773013174,1,0,0,0,M039,2.88,battery
160.20000000000002,1,23.584328126242646,14.868104768549383,0.9137617915722716,16,0.8787897556324965,1.5497676502145725,462.781327269729,0.046837008369459046,21.23002408255263,1185.658967394032,1149.8461049475984,1177.5234311403628,1190.6677460993776,4.787759704160071,3.8577341266394676,1,0,0,0,M039,2.88,battery
160.3,1,23.460811694961887,16.599468239355996,0.9137362109362434,16,0.9914411605129824,0.4852490501160768,531.7529759875546,0.15066812480605143,20.98198927871912,1166.190478866876,1212.4455952945357,1201.1295412743218,1258.1232062047482,3.6464522063430955,2.6724992352660477,1,0,0,0,M039,2.88,battery
160.4,1,23.53696380914737,21.787473955893155,0.9137030366917018,15,0.9961509971607132,0.5276470488158609,523.944956553092,0.08693455530208778,20.87695124290307,1205.2273701374634,1220.4960262797915,1186.8480426033168,1207.5834019232677,2.2405946010448585,4.6262941189548865,1,0,0,0,M039,2.88,battery
160.5,1,23.475355436408385,20.549531807506703,0.9136703292515995,16,0.9638805354557409,0.9253195999846993,529.1099087816805,0.11597722143070639,20.84354204154412,1272.1890896507894,1202.4494800168648,1209.9709658037343,1231.7039832582957,1.9700313376880094,4.9018814314579515,1,0,0,0,M039,2.88,battery
160.60000000000002,1,23.57201197693839,20.681415210646364,0.913640041079697,17,1.2613363171291228,0.31974536979000023,477.40158243159556,0.04794848350033525,20.635868314596973,1186.1917158854578,1185.6874742710545,1196.6982566137206,1159.026161811076,2.3250055239707947,3.7384595578223463,1,0,0,0,M039,2.88,battery
160.70000000000002,1,23.626105306386354,20.908421731759233,0.9136070172341487,17,0.8465850843016427,0.6986722437043007,462.7394559996537,0.10441621992802361,21.51383698557051,1250.2554484072657,1227.240420943715,1205.7301062857086,1204.0159079095292,2.0930267672276837,2.337195351626054,1,0,0,0,M039,2.88,battery
160.8,1,23.38545703877308,16.425745860405264,0.91357868660966,15,1.1412048652419746,1.0887018725599726,520.2005035282241,0.035899473028298615,20.960283758205758,1187.3532411973217,1174.0169405031113,1199.817147031184,1198.0757550242608,5.658181600161447,1.3350589914450477,1,0,0,0,M039,2.88,battery
160.9,1,23.641622484656732,20.572691678964592,0.913549115437296,16,0.9561368227785355,0.5867402970602176,535.3642698428374,0.24397582935398124,21.23749864914886,1220.1472013532477,1173.7714914767896,1176.4001881925296,1233.7319165072583,3.6151921478317837,4.736791154361683,1,0,0,0,M039,2.88,battery
161.0,1,23.788886716913307,21.497286004620058,0.9135217810420069,16,0.9429430465207663,0.8947237651127643,500.69965774208003,0.24213409603683195,21.40844829674557,1204.081600224294,1186.7257004127848,1215.3946245833392,1210.2831298982965,4.227979894204802,2.904012675870228,1,0,0,0,M039,2.88,battery
161.10000000000002,1,23.60008144268589,19.00814535465031,0.9134895657835924,17,1.1757618582633325,1.0697111053842123,516.5274176549191,0.09441103069701214,21.108380305387357,1215.5851552773559,1185.5784347521073,1197.3985547854802,1196.5309762695076,2.352218354903518,4.29654045562501,1,0,0,0,M039,2.88,battery
161.20000000000002,1,23.436987175708108,25.372333046554978,0.9134563262712612,16,0.9116175535239431,1.4080445712266192,515.1342918506122,0.2766910440276858,20.632999173155852,1217.6141231395413,1208.2558412034114,1199.4212659651325,1246.6187858551948,2.279003538178426,3.950422934664945,1,0,0,0,M039,2.88,battery
161.3,1,23.223257536566095,19.57337345979582,0.9134223322353482,17,0.8905233525379234,0.7798099701066025,502.7924701895707,0.1094712237648848,21.0542881407937,1217.803343460351,1187.4359731696393,1239.8675319741858,1173.1700429297318,9.071502941674062,2.4559358486945775,1,0,0,0,M039,2.88,battery
161.4,1,23.54974184843661,22.92037464570518,0.9133932679537814,16,1.0400918081691155,0.38490354378109654,499.132597167211,0.2971197475940953,21.609176421492204,1188.270905717983,1203.2756268249464,1210.4071381202657,1225.6646903966314,3.0014362198095146,4.15691442754345,1,0,0,0,M039,2.88,battery
161.5,1,23.49194149924868,19.42469802144744,0.9133598276272702,17,1.0389985880670645,1.1889265107807636,505.72637940947794,0.10285578012644231,21.244831135913927,1182.1176274343559,1209.5502523686732,1220.6131586300492,1211.4998131335367,4.027783500363682,3.518361403054624,1,0,0,0,M039,2.88,battery
161.60000000000002,1,23.329336378326914,22.028204802904547,0.9133271351846467,16,1.0254579785719362,0.23383565414886393,486.5927118062642,0.02879938936408792,21.180721272652445,1230.1298884969008,1151.7110487232703,1192.0467040836304,1205.5780816049992,2.2342139696931103,3.2309480733606426,1,0,0,0,M039,2.88,battery
161.70000000000002,1,23.564932140389857,19.461933898013037,0.9132940730864542,15,0.9451489318324445,0.9901059667986947,500.7340362514166,0.09878690356513564,21.226921206583075,1208.1407547254878,1182.2830928646663,1191.6619894348332,1224.0705392076748,3.1012093530504528,2.9933516223236714,1,0,0,0,M039,2.88,battery
161.8,1,23.34248629656019,19.474410912208555,0.9132696440862339,16,0.9615552436518846,0.7440351141677205,523.7517665916898,0.1580330153745461,20.799931511787825,1234.9524149104363,1178.5695841802299,1220.6842792964653,1227.720465084778,5.236286557878603,2.855919753254714,1,0,0,0,M039,2.88,battery
161.9,1,23.40907574414477,17.238645978473215,0.9132423456116798,17,0.9497575692575538,0.8518947833391803,476.5908343597424,0.06432066535761491,20.638931759417222,1167.9346824146312,1183.099820463397,1198.079002653248,1192.186498363942,5.071155486644837,2.516276827775811,1,0,0,0,M039,2.88,battery
162.0,1,23.292117544906397,18.37722997914514,0.9132099514448022,16,0.8181791655206438,0.6186390544720098,490.42597545032527,0.09263981414622716,20.30709239418343,1192.139214444604,1197.9803314161209,1180.8296337763559,1230.8473986685726,7.168281881541291,2.8467939541473437,1,0,0,0,M039,2.88,battery
162.10000000000002,1,23.32662500424457,21.51424217320747,0.9131752217729346,17,0.9325452461049157,0.4033761668107114,504.3882648006145,0.09131061502162137,19.86177530659709,1198.5900491378206,1181.0606883108615,1184.0708183104855,1147.3715806080943,3.880598905459603,1.6636004627373489,1,0,0,0,M039,2.88,battery
162.20000000000002,1,23.16823431751397,13.920924655011838,0.9131469310732155,16,0.8941200010750685,0.300751731006104,469.708475859462,0.08388830050624789,19.834431311053628,1170.051886212412,1252.779731634188,1204.2252411979773,1220.8302399093493,2.125743513885372,3.447941373211438,1,0,0,0,M039,2.88,battery
162.3,1,23.30166340031838,14.243858624554186,0.9131130184432745,17,0.8577543936002257,1.0859425108766914,523.6738329544874,0.08918378580364782,19.34704106372088,1187.4578520538632,1198.8123354016193,1191.8964148345756,1216.5919668272913,4.332171925946376,3.715678791946625,1,0,0,0,M039,2.88,battery
162.4,1,23.651167521868494,20.253282499734603,0.913077647959168,16,0.863479537325066,1.0989664612822678,490.86477381645574,0.17958539462865836,19.573804307273182,1223.6029118020815,1183.740966328361,1192.2382866145388,1205.86097929423,3.968531699296396,1.8297063797077229,1,0,0,0,M039,2.88,battery
162.5,1,23.55167970196202,22.260389622677724,0.9130570092035165,16,1.0907131128709162,0.3496095245710262,476.18555468325053,0.0649516231689136,19.274447049732924,1213.7701046102836,1191.5064228370727,1181.9829365313499,1183.0399097000472,2.9709428304632497,2.973200304766917,1,0,0,0,M039,2.88,battery
162.60000000000002,1,23.58810198234727,20.12305152312673,0.9130283020191278,16,0.9318658988429935,0.29775748830090265,497.9464211528905,0.08118945844203095,19.093473058267804,1192.0174365977489,1205.635842203389,1249.9218731194621,1200.0767854523062,1.6397590297053313,7.452315200553931,1,0,0,0,M039,2.88,battery
162.70000000000002,1,23.07476996643523,21.000643654680406,0.9129954805589029,15,0.894625748847393,0.6580428386990359,518.195448288431,0.06542976170783862,19.369697537325038,1199.386603253616,1168.481015355627,1209.2969836674542,1201.2534912350463,0.7157531757659445,2.7423329388888193,1,0,0,0,M039,2.88,battery
162.8,1,23.042041214411377,26.5253016950214,0.9129604190290437,17,0.889501445830363,1.2292019720827285,519.4719323080815,0.09288025279827661,19.44144713908515,1180.571922673311,1172.7033221596525,1193.7834172815824,1244.8502700458268,3.106749531044025,2.6184768608154974,1,0,0,0,M039,2.88,battery
162.9,1,23.23447744428548,15.538000977790087,0.9129291198016017,16,0.975410868223273,0.5609055898642362,526.4811692841386,0.2612186530327904,19.106716176568543,1179.252849535989,1210.0815258061455,1215.0186018698748,1238.8846896491593,2.5081036421712044,3.8046768275176586,1,0,0,0,M039,2.88,battery
163.0,1,23.290929706494637,26.422380921529207,0.9128965418970804,17,1.1300724968286884,0.5264375868430675,460.32352073966354,0.07678554702745323,19.160482795582872,1204.408534951625,1189.5847228520172,1188.3394593605915,1225.1229544695786,3.7275318433166063,6.603127827705306,1,0,0,0,M039,2.88,battery
163.10000000000002,1,23.108019801918267,22.41023878312368,0.9128632523471867,17,1.2001781020114706,0.3445714482217249,503.16230531854626,0.3150231094292029,19.445669735407307,1150.1783018351784,1165.174234775772,1212.391880340408,1170.1247779694972,2.454158235838606,3.0114814061135498,1,0,0,0,M039,2.88,battery
163.20000000000002,1,23.404801820503206,20.47545975553129,0.9128331901163829,15,0.9495286648373678,1.062080972919266,498.29953953942015,0.18219989061672998,19.143929987075786,1183.2918567196966,1145.3778785243285,1217.638774239337,1193.759618041372,2.488693323961581,2.642568649562333,1,0,0,0,M039,2.88,battery
163.3,1,23.16637680346523,16.167425381908554,0.9128016202529211,15,0.8675802170487456,0.45327490392144953,497.9506782223455,0.11366772621175171,19.2710843798682,1207.6409593952455,1203.9702834804414,1236.4054765029396,1187.9086089882528,2.9544787913088726,3.347992719031205,1,0,0,0,M039,2.88,battery
163.4,1,23.30646976204168,27.63983044884232,0.912771695228185,17,0.8356578241992203,1.3146552628326384,492.79160017235506,0.1504604311134961,19.81669896728292,1222.0122492263054,1131.6214404477032,1219.4594272732854,1216.7352152757492,2.6666165529520303,2.8055484738834062,1,0,0,0,M039,2.88,battery
163.5,1,23.165505015666902,17.550684158323563,0.9127440447403544,17,0.8810731514764412,1.1785976694986438,493.91654614705277,0.018549250429427636,20.24308892968966,1168.075812232273,1246.0323179737538,1162.052544531102,1232.1766821511249,1.4075541824228428,2.7436702378186384,1,0,0,0,M039,2.88,battery
163.60000000000002,1,23.386372504407404,20.97803755105616,0.9127119975878399,16,0.9267178951999262,1.644279711196244,521.2555807889793,0.20734764308112197,20.136763972029698,1207.8564009429683,1231.3582999641944,1211.2008627105113,1187.1065303194914,1.076275262709215,3.8267052736920615,1,0,0,0,M039,2.88,battery
163.70000000000002,1,23.245882940079486,19.957792155891163,0.9126839503054507,16,1.0417363224084493,0.4329976474557956,494.3038968908126,0.2550921441373458,20.078533340210306,1239.2662506433817,1243.4267854284772,1210.791370749476,1195.933031541642,1.236223049708007,2.6961639172702085,1,0,0,0,M039,2.88,battery
163.8,1,23.088371738007808,12.433487337213771,0.912652557523407,17,1.2823299140278437,0.15074665405644605,513.1062768089616,0.11517007064659077,19.90560634370706,1184.943692869157,1217.9529935056323,1196.8199226317322,1231.852648491278,2.032263426046919,1.9626413134488618,1,0,0,0,M039,2.88,battery
163.9,1,23.251967924532277,23.29903697650048,0.9126196750351706,17,0.8239672964748535,1.8267036167846793,482.8795393361641,0.1468041035496651,20.16508966460347,1194.8611810651526,1163.600192714027,1197.196290223901,1169.7935469322058,2.5199357935643656,2.9142213940559287,1,0,0,0,M039,2.88,battery
164.0,1,23.15504395149921,21.923192607227584,0.9125833225792652,17,0.8455383816597849,1.1825637406487886,499.7157584460384,0.1054241599750548,19.729069366494773,1200.7964554421683,1174.0613763884623,1199.357734063392,1198.2165982156666,3.384355317711062,3.451847994273818,1,0,0,0,M039,2.88,battery
164.10000000000002,1,23.143335551249372,23.386136334162167,0.9125572644331302,17,0.9637165882492235,0.62617633118437,501.261996507618,0.0853810559847544,20.287770853761092,1167.336262623453,1171.3139027152656,1200.2439918322734,1201.4003390218372,1.7614182256560764,2.8123497749124162,1,0,0,0,M039,2.88,battery
164.20000000000002,1,23.322723027790982,20.338803412104873,0.9125292158780968,15,0.924740615964118,1.0447720427678002,478.5796885206017,0.21240183281700703,20.527630306367953,1186.5750323220066,1182.9135131746782,1209.1791930752722,1164.7060982975563,5.040574380410204,3.0258931130328075,1,0,0,0,M039,2.88,battery
164.3,1,23.4087280243986,18.557327732659594,0.9125028105384002,16,1.096002954779791,0.4679451124071886,471.1393302693647,0.08467222568491918,20.46085120904519,1197.00741278202,1205.930289628024,1194.028653025418,1224.6547041529764,6.173383724698178,2.8864815589882165,1,0,0,0,M039,2.88,battery
164.4,1,23.34604634241523,16.473976204971063,0.912481833914283,16,1.0393862533738343,0.18782380850401728,506.14317232571074,0.0818506147128942,20.420050546984683,1192.7236139484298,1197.1504100259665,1198.2832992268654,1183.9658744486806,1.9083444601328472,3.6727763300051963,1,0,0,0,M039,2.88,battery
164.5,1,23.064717577204647,21.914530230611525,0.9124493368776323,15,0.944938804277095,0.29716485225256944,504.2092712330463,0.13501516367448269,20.231819230788158,1184.2785702778126,1126.7413794848394,1193.0759504805826,1190.215897566589,6.262964318805319,2.4692456153856464,1,0,0,0,M039,2.88,battery
164.60000000000002,1,23.23442542786173,18.0964393433895,0.9124169811234839,15,0.9292320986762946,1.7535950176304569,490.01784906700794,0.2894701713359985,20.527465735165205,1176.3822154421105,1183.770660405411,1213.7299091020275,1179.209914725056,2.1998513192735447,3.5662105248783846,1,0,0,0,M039,2.88,battery
164.70000000000002,1,23.12535548895488,14.94152915729611,0.9123893013735364,15,0.9031969980324975,0.1894359425821657,495.6041610800018,0.04060842137995213,20.225104811867453,1200.8391821668024,1143.4965871653121,1196.6857329373042,1209.0676237557245,5.8946572067434335,3.202785466828673,1,0,0,0,M039,2.88,battery
164.8,1,23.27427581507752,20.27565885193409,0.9123584663912548,16,1.2702819266852643,0.899258403100332,502.3775715872923,0.04296445110341257,19.94978599786589,1196.9577263074475,1163.757802636314,1276.5536051809513,1202.7637056811764,3.8580563959482284,3.710308637618764,1,0,0,0,M039,2.88,battery
164.9,1,23.071923194431086,14.902659389577728,0.912322640149189,16,0.8594579579004324,1.3944003179982887,495.90602642678755,0.04454178568026233,20.168945907547386,1197.5206953510387,1197.4325442674738,1199.700362887052,1251.5938878563993,1.404275268376281,2.939954540644646,1,0,0,0,M039,2.88,battery
165.0,1,23.231593706785382,18.76159722149557,0.9122917544277193,16,0.8364028605412054,1.3182736969247064,503.124778971746,0.07571686875823495,20.2193779059829,1153.6047029316674,1227.3908381336005,1218.1000401962824,1186.8714704891984,1.5317182883578901,4.1196572461420935,1,0,0,0,M039,2.88,battery
165.10000000000002,1,23.24825069026809,22.13543004715422,0.9122637182915369,15,1.1061401981685786,1.5110405658963662,512.7789033074737,0.24408215639940148,19.54144130436237,1192.0967324920175,1202.295763486519,1181.4382645123903,1215.8692820727003,6.173394130004088,3.473830618373678,1,0,0,0,M039,2.88,battery
165.20000000000002,1,23.034178659041316,25.860739137903142,0.9122272723684874,17,0.9548232688907139,0.6823544362602301,519.4648524100201,0.05675292925260706,19.508205586616544,1246.7508724731451,1240.3441742926786,1227.2516595030793,1214.258712591886,1.4131495958657874,3.2183756559450956,1,0,0,0,M039,2.88,battery
165.3,1,23.169391451417372,26.409792743627776,0.9121971560429353,17,0.9518563683364643,0.23339698991365893,504.6797997978361,0.06539971958525835,19.354327742169875,1144.4954325171966,1163.1204809833412,1238.1553955909594,1217.655630702359,1.8696822134396738,3.601477850110955,1,0,0,0,M039,2.88,battery
165.4,1,22.95768676745605,19.953503214349247,0.912160026450869,17,1.0929233441580268,1.693471001401562,513.6508894481658,0.10345644328774035,19.172845361873605,1166.3198316428877,1204.3931495700388,1203.6995590422148,1213.6345781930224,0.3863919428132001,4.940914339264738,1,0,0,0,M039,2.88,battery
165.5,1,23.054269487837857,21.036730392576146,0.912129082886167,15,0.949912923380711,0.5240629804982907,525.6642531022031,0.23022284880632862,18.961273448514785,1218.3968960210868,1207.0262974385355,1257.187804614843,1195.9353165360046,0.9180552875593715,2.5929870104905755,1,0,0,0,M039,2.88,battery
165.60000000000002,1,23.02050467853461,22.546039819839944,0.9120997566003999,15,0.8685700738287863,0.7694528719709677,487.82961442847693,0.21823672459255578,19.149814375135996,1223.0862985390097,1200.3015930203453,1269.1305951282825,1255.4641292543222,0.506770838661461,1.1501303985656743,1,0,0,0,M039,2.88,battery
165.70000000000002,1,23.003440770697058,21.274966407859672,0.9120741959580273,15,0.8233840341152846,0.43924540906923615,480.42585392030907,0.3135005611946708,19.24100550263747,1204.607921833924,1216.617807092426,1201.463515029287,1217.8152009684136,0.4762722905842401,1.343175858742456,1,0,0,0,M039,2.88,battery
165.8,1,23.128582880821238,18.23557412053244,0.9120465182152855,16,1.0270481687290303,0.3052611265866756,490.0018568141827,0.07242071862512692,19.42339892614426,1189.543109120617,1157.3772252337892,1154.2623794391013,1179.3563057865863,2.8766489540142297,3.4523835299166326,1,0,0,0,M039,2.88,battery
165.9,1,23.102848840411337,20.709196218041093,0.9120136960218604,17,0.9516777419373731,1.2130966052250027,480.3023545532776,0.09146497308222079,19.0284772978606,1219.4482056427394,1155.1626752776376,1220.0566074245955,1185.0076019920496,4.032790301753984,3.300449445727854,1,0,0,0,M039,2.88,battery
166.0,1,22.903441114771738,21.82780577062435,0.9119766708227809,15,0.9966470760490843,0.6610347749919695,510.6200696636774,0.028306060689428494,19.19507184145901,1185.4574551247902,1182.6773488741997,1232.7217906190785,1140.329568886937,1.9585950734723414,3.1655975792316684,1,0,0,0,M039,2.88,battery
166.10000000000002,1,22.932398695639428,24.189813060536466,0.9119497341111684,15,0.943555839126822,0.3573368822145393,515.323921315262,0.02787497725464049,19.554117957026783,1205.292765117759,1167.2714986880023,1211.1180437270455,1201.3808145705443,4.797589820984257,7.397476300123605,1,0,0,0,M039,2.88,battery
166.20000000000002,1,23.033715650232658,20.015604715509276,0.911923016967311,17,1.4939500440335864,0.849507322224266,514.939993411803,0.22316936612010574,19.273712422996162,1223.6792176233903,1187.8486565961375,1153.927849738092,1199.9877456957615,5.491930271550001,6.053664495880856,1,0,0,0,M039,2.88,battery
166.3,1,23.067598421198543,24.41383019037655,0.9118893908757015,17,0.8480350236611878,0.7352418293471548,498.95826316588295,0.06973311499607264,19.598321307054245,1241.0082176538515,1189.7104114506471,1233.0791906691632,1214.0135570634259,1.1677895564767873,4.643869002635688,1,0,0,0,M039,2.88,battery
166.4,1,22.874823281376568,31.452320370276688,0.9118523510660204,17,0.9380252643272965,0.4072438906849989,492.31300161206747,0.15830770631911623,19.73337059134782,1192.2060969395548,1223.4610618272045,1219.890892785208,1171.697222591532,6.306146346875686,4.287121908308411,1,0,0,0,M039,2.88,battery
166.5,1,23.09262947938373,21.44351758082867,0.9118204859122081,17,1.1383249011025003,0.5417781446675005,516.737231277249,0.1653757727675964,19.61028561588824,1214.0104203796097,1203.463551157643,1213.5431162601253,1176.390817807964,2.755100037975896,3.0649938682652156,1,0,0,0,M039,2.88,battery
166.60000000000002,1,23.1441448598836,23.17581680813282,0.9117928232202135,16,0.9531382258346983,0.4736565669931835,492.2327807216926,0.20259305270738384,19.775046565648832,1222.7806479819542,1213.2270239290935,1177.850905981335,1166.8157490894307,0.9655998054863628,3.3145110535471876,1,0,0,0,M039,2.88,battery
166.70000000000002,1,22.8970084279833,28.27776238303629,0.9117580662501548,15,0.9063429883524534,0.853073300634564,478.70171503016945,0.051415783125958084,19.66207052978905,1178.108276838809,1211.3638141572474,1219.2562129516332,1202.2381839920672,2.821414916701087,0.47727997514809134,1,0,0,0,M039,2.88,battery
166.8,1,22.773995869849728,18.91289312412049,0.9117222943804869,15,0.930392006237131,0.5516600695369996,495.10190508463944,0.10374467714780417,19.5352694562562,1186.4775133864848,1161.410199075807,1173.0686175862184,1183.4715928472033,8.252993561619805,2.2958489068071306,1,0,0,0,M039,2.88,battery
166.9,1,23.16084652972833,21.497501880865627,0.9116946617910934,16,1.109873427707056,0.6244223809022768,522.4377580607742,0.1438803320724054,19.736168945037907,1177.1881915857073,1199.2350738842586,1239.9460483370092,1192.055724698805,6.263224299514207,2.6221055407166447,1,0,0,0,M039,2.88,battery
167.0,1,23.09426771923344,25.62830582564117,0.9116653188989662,16,1.1145977448693505,1.0034618085278124,485.01382885329724,0.07815013562671225,19.801662995787915,1222.8871165676874,1171.4731714599782,1183.2686571066965,1179.3022454766958,4.312664545181965,1.8520234908424624,1,0,0,0,M039,2.88,battery
167.10000000000002,1,22.6862078366326,27.629479410021112,0.911625734703114,15,0.8607694128424658,1.2363499456641216,497.0694308786262,0.07640647158767092,19.83465817882888,1211.3542161209434,1158.0956901599163,1173.3476074371918,1207.3502848335465,4.30681746787081,3.6112722752950823,1,0,0,0,M039,2.88,battery
167.20000000000002,1,22.919132398767466,22.724483386482525,0.9115878541077308,17,1.2225575757895963,0.08949782492941905,486.0263363327727,0.13598385494087173,20.232388644479222,1144.333188074823,1250.357046990386,1200.9758788157098,1217.546644759167,3.1912790102078716,2.6830869253048526,1,0,0,0,M039,2.88,battery
167.3,1,23.016136082329957,20.107097950767546,0.9115548377074413,15,0.8504906133384745,1.6399469949197159,471.95590493370923,0.07194543965694178,20.394081062863073,1199.0249115249146,1222.5286962424468,1180.460459933189,1222.6371043582362,1.625894321009656,5.248532923133489,1,0,0,0,M039,2.88,battery
167.4,1,22.763040759232076,21.577585077339585,0.9115194521796727,15,0.9653068341702358,0.7622961719205987,484.93483037749365,0.09996209744983273,20.03258892899948,1227.9890343007237,1156.6425537432558,1201.0420994745411,1215.302687290408,2.275537501890923,7.097245064212282,1,0,0,0,M039,2.88,battery
167.5,1,22.964584041756268,28.91701860133893,0.9114870444424584,17,0.8974752961409495,0.593524817335769,515.7538657010068,0.01479499877407666,20.14175611725837,1202.1661112249226,1193.2668302586976,1193.4634586756042,1182.84860857548,3.6969515917995075,3.959683908906718,1,0,0,0,M039,2.88,battery
167.60000000000002,1,22.981324424769323,20.955387478540317,0.911452992440491,17,1.3410955736562964,1.2031296252673505,499.9344108722428,0.2420998019290715,20.325759264305407,1148.464525828214,1204.715822331229,1168.801905961002,1212.8042662214893,0.7831631830907866,1.2478161162649979,1,0,0,0,M039,2.88,battery
167.70000000000002,1,22.8845428737311,22.457667125604775,0.9114256291916307,15,0.9744217340444133,0.21153672633091358,468.36001809206294,0.09544652813225944,20.18290233170176,1253.6174765696835,1167.5853555349306,1195.353981843032,1247.3244457123012,6.132151101625666,2.9401741970845334,1,0,0,0,M039,2.88,battery
167.8,1,22.992416752297693,18.131034473923552,0.911394854606555,16,1.050135929835546,0.7156316556170518,521.0929543709025,0.08701061718244682,20.633914334549857,1200.1469892590444,1240.222952237942,1226.1751206774193,1185.344982543332,3.4889276891791963,2.7418519756800475,1,0,0,0,M039,2.88,battery
167.9,1,22.922355955466394,20.00185321987176,0.9113709156984606,15,0.9781521997423521,0.9650150180066634,513.4194384654743,0.2937976044980932,20.61580056138949,1235.5611522378326,1202.636491053294,1186.8078815164786,1181.4136555054417,4.435267155377389,2.4966259676313323,1,0,0,0,M039,2.88,battery
168.0,1,23.048402249199874,19.732181097111106,0.9113410303578693,17,1.367975407791152,1.2394337619889861,478.68722712292765,0.24107702796368757,20.453746027186696,1219.3632020381317,1228.1144195756858,1180.2610415575368,1217.6028522980898,1.5055183491489217,2.714907639472929,1,0,0,0,M039,2.88,battery
168.10000000000002,1,22.96139429617626,26.11158346779641,0.9113132396781509,16,1.039740519939329,1.6104173331959164,504.9436049836159,0.1396156580545601,20.42027668614813,1198.082098558751,1185.5329187844534,1145.0111251402393,1198.6872895245226,2.9802656426742056,3.754285278830671,1,0,0,0,M039,2.88,battery
168.20000000000002,1,22.984924953421952,22.690286072984755,0.9112822691185966,15,0.9437657795913603,1.4448508089989858,477.58458053461885,0.03301380652531191,20.228189110012348,1212.0062524359917,1187.3676908416514,1201.3244744936555,1201.9561339582444,3.3555261375266503,4.261356512401198,1,0,0,0,M039,2.88,battery
168.3,1,22.749235916867296,21.827909918675772,0.9112528557661354,15,0.8496467542044938,0.5633561446557489,527.0858005361561,0.0646039425552676,20.33647339362744,1161.511531133844,1217.6788505766126,1159.730903870683,1185.6318114234025,1.3237350574163846,4.83402488796602,1,0,0,0,M039,2.88,battery
168.4,1,22.89163799085817,17.646554857629656,0.9112282704345877,17,0.9374565493532494,0.5433335447042542,483.15615709089224,0.07930809310647127,20.470858639641833,1204.808244690334,1196.0765268400585,1199.9833467410215,1190.2466015037646,7.927733338753034,4.196566077459941,1,0,0,0,M039,2.88,battery
168.5,1,22.877368173170392,26.943905093727164,0.9111932935511343,15,1.2587982032309908,0.32918140791063966,504.2589851247858,0.05842204484930144,20.142655714542492,1214.2248619943966,1162.930054450773,1203.2538487106167,1148.792021901891,5.606635404849233,6.731362963110577,1,0,0,0,M039,2.88,battery
168.60000000000002,1,22.9094424919036,21.90032167494742,0.9111614780896219,16,0.9017511162043325,0.6347247822612816,473.0108930760539,0.10189483903020252,19.934464696029945,1175.8262548433106,1172.6183252564497,1233.0182619519173,1217.537881741282,4.33442600809112,3.108581833574136,1,0,0,0,M039,2.88,battery
168.70000000000002,1,22.813345699451364,27.6278786955231,0.9111210080737693,17,0.9741970564163361,0.5625944154859666,494.59107109834156,0.10873562403075801,20.29531121094341,1206.4326872549489,1200.2770785615369,1214.2652066638643,1218.7225813548976,0.7023560330630559,3.42320935108817,1,0,0,0,M039,2.88,battery
168.8,1,23.014121471620047,21.734807141212833,0.9110910965632898,16,1.0544972816475588,0.523793227543731,482.46351888609263,0.05716396526430366,20.317855808999223,1163.2485580287753,1209.2442090782486,1183.6658478963764,1197.2750218035999,3.637565915282133,3.5571302347695264,1,0,0,0,M039,2.88,battery
168.9,1,22.71400988868243,25.878293737626706,0.911060755922495,16,0.8259911096581914,0.7213078277536107,471.06200914919634,0.10892035308931192,20.35053726565285,1202.8858007494482,1236.8972344108315,1183.7606929731198,1191.4355388226434,3.0436593150062152,3.5130546627289023,1,0,0,0,M039,2.88,battery
169.0,1,22.73790474540439,22.881667470863896,0.9110286601516437,16,0.9717240627710553,1.3455585469439946,505.53653389873546,0.13880471319633977,20.60749459929375,1183.6077325194651,1198.734422035732,1199.1717179042466,1173.5483589678604,2.727003481294128,1.3509660911162038,1,0,0,0,M039,2.88,battery
169.10000000000002,1,22.928760236569907,21.5444994589527,0.910995029196001,17,0.9803983206819146,0.8488563976434502,494.9449898763163,0.07457457677378439,20.787283177394016,1200.236117959621,1213.2142166293854,1178.2460223887783,1173.6627626005572,1.7211273216305494,2.3717957728885617,1,0,0,0,M039,2.88,battery
169.20000000000002,1,22.75871714721763,22.70518710320023,0.9109664861279767,16,1.1299838905083113,0.2717164352153447,491.55793505949765,0.18236215491276764,21.135627340592563,1121.4752742474495,1166.44609804723,1185.1405601606878,1187.8512380181169,2.907837343216011,1.7756726811311632,1,0,0,0,M039,2.88,battery
169.3,1,22.745200041790305,19.422879002949028,0.9109349125873881,15,0.9645917052597314,0.454139987771514,487.4301448267177,0.20526783044402808,21.134353184476808,1225.8213241738715,1199.98425409867,1197.547991678654,1246.3273180949607,4.532804964713448,2.751108968126188,1,0,0,0,M039,2.88,battery
169.4,1,22.715897994777656,18.472455479996373,0.9109034416102256,16,1.1830592193917553,2.358127965984223,502.7693015534435,0.17786560243581262,21.27580282936961,1192.8037979714763,1160.6592404199391,1185.638208492731,1214.6596948348852,3.6520356178624294,3.813414733389289,1,0,0,0,M039,2.88,battery
169.5,1,22.811124439624564,22.781114747441155,0.9108775420754784,16,1.024788050422329,0.9573744696732966,511.6910388114689,0.1410053504447395,21.43162523431725,1228.632566434288,1218.0826913216983,1171.8505404542486,1208.8643402787695,3.021269933224211,1.649084312319003,1,0,0,0,M039,2.88,battery
169.60000000000002,1,22.601688305494633,22.49301246013956,0.9108493049327951,17,1.1023532475361169,0.566080810972117,482.60506852672916,0.21795716957549924,21.2964280261865,1207.1471512355804,1183.8872829441318,1161.9499411707104,1191.6333047480066,4.339651792603203,1.9442293125306254,1,0,0,0,M039,2.88,battery
169.70000000000002,1,22.843918314710926,23.521946287607236,0.9108197645497612,17,1.1357317547644514,0.27259066711477115,503.1984711282478,0.11220403843884529,21.152534355143473,1168.9040977189843,1164.5956293293748,1216.1622232333145,1212.2454209850048,4.187203760280138,2.7591200340574034,1,0,0,0,M039,2.88,battery
169.8,1,22.761884795681834,19.63818876981751,0.9107930649934216,16,0.9435786417548263,0.4441847472886711,498.9372478009585,0.09356204433173468,21.189923098748405,1208.0617433393172,1207.2473210769062,1176.0912823829924,1178.6611549189483,3.514070001066353,1.2198012559036395,1,0,0,0,M039,2.88,battery
169.9,1,22.429870357483345,24.43245470600383,0.9107596964166818,16,1.4168454191224797,0.8667383521951483,521.8586707431898,0.03827481319067649,21.356867325473722,1153.3386938196945,1195.769619997599,1221.7354202979775,1192.8489091370998,1.9842377224263834,2.9911172689657857,1,0,0,0,M039,2.88,battery
170.0,1,22.58847363247162,23.613600414461015,0.9107367066390937,15,1.0611681467239598,0.33770602561463237,513.2820323570677,0.23551840386043993,21.321560795593864,1199.149930981661,1177.6711312945054,1169.4480996860073,1194.460217522867,0.7467686638818443,3.4657628407844716,1,0,0,0,M039,2.88,battery
170.10000000000002,1,22.549513378932776,24.96285102827692,0.91070390987431,17,0.8224152614787382,0.19229793726234345,502.1768830286496,0.07017265216816734,21.23325966996175,1185.2617303152922,1170.7960676356547,1196.4956846821306,1227.7553731611897,9.040612606297538,5.252928405887804,1,0,0,0,M039,2.88,battery
170.20000000000002,1,22.50097133662489,31.03528653385306,0.9106713866910445,15,1.0481809350390543,0.502877630474873,479.3858744722841,0.1437056868075859,21.12781093344351,1169.9690422605183,1195.7036980983735,1150.0863170858897,1163.4443521328656,4.449714908295189,1.6216120910809093,1,0,0,0,M039,2.88,battery
170.3,1,22.648345715111624,27.50020448544479,0.9106426396578253,17,1.0196770740261836,1.396957756761719,473.6905833144304,0.14179035345104524,20.63594044466199,1222.4598868003384,1154.332230341789,1204.639648428401,1217.1812049071873,1.8944387679025623,4.864924797432263,1,0,0,0,M039,2.88,battery
170.4,1,22.776149327709074,29.654624960877193,0.9106026200676393,17,0.9734066941724785,0.2934117087890878,496.3402707961061,0.10103626170173909,20.558092352958834,1152.9470231573982,1213.4332946307807,1221.5600003196053,1222.6231590014233,6.955098472622787,4.707024071647352,1,0,0,0,M039,2.88,battery
170.5,1,22.673997672801395,19.85965412045362,0.9105740697013236,16,0.8211555412851131,0.9047249608059096,492.5928702863832,0.08729276129670235,20.820262556189487,1222.600117576204,1216.2165316983626,1206.4566697950188,1168.4375440372335,2.84826164165899,1.8217458099298944,1,0,0,0,M039,2.88,battery
170.60000000000002,1,22.797791426352,27.05927587677021,0.9105426147164697,17,1.0487338691660826,0.6939633153304208,517.3620291730813,0.06026816976818708,20.52492373222807,1219.9217201303766,1219.231902292013,1191.9588121655456,1246.30391590771,2.2364411669391426,3.6348099163665113,1,0,0,0,M039,2.88,battery
170.70000000000002,1,22.70531219298498,23.339717760405552,0.9105099291264056,17,1.1395063159319943,0.7137082194582405,508.7382088268265,0.12290856347186299,20.42498104602614,1212.4639970957783,1227.7885428093343,1198.7821570910462,1209.1995337598767,1.3215061616518833,2.278683969571979,1,0,0,0,M039,2.88,battery
170.8,1,22.650469428364087,25.21291140755981,0.9104778706174869,17,1.1368594866861668,0.8643584684500416,475.43329062103334,0.08191569655730732,20.49897352022568,1219.3724264268978,1215.5284604722444,1196.019369796328,1186.6709568381577,5.99783129658377,2.330032654950844,1,0,0,0,M039,2.88,battery
170.9,1,22.631538274101235,27.106173765267393,0.9104505046587431,15,0.880878433217692,1.0981233984147647,511.80801416644005,0.17953786319333395,20.423011029497967,1170.6138483193897,1218.886272665808,1244.9428475775453,1197.107906059042,4.099513388134947,2.2284268567495293,1,0,0,0,M039,2.88,battery
171.0,1,22.65613029222627,26.822788867490328,0.9104228737004921,17,1.0002007454212762,1.0570597857736255,514.2322143450219,0.13222722596962003,20.87112480903908,1228.0564748874292,1193.6671370734593,1234.7723293865915,1208.450256840332,3.282889088828915,6.1298141502720025,1,0,0,0,M039,2.88,battery
171.10000000000002,1,22.577245153809734,24.098226491056586,0.9103966743527027,17,0.8585127091187968,1.2867420074844458,474.48559150456435,0.24579014732244253,20.554824093536393,1186.7156887598314,1222.0438683055993,1206.597844629368,1230.5725473086507,4.667520368245128,3.2469350569105098,1,0,0,0,M039,2.88,battery
171.20000000000002,1,22.58274500827622,23.135549627554965,0.9103682011100058,17,0.8580861765848671,0.542183836683109,469.7016917853572,0.06551287697911574,20.121347484559372,1177.086356553218,1198.6699792915172,1204.6038987814993,1147.9240931761042,5.555884672434059,3.9699564102668417,1,0,0,0,M039,2.88,battery
171.3,1,22.724874106809654,22.945660357298028,0.9103451007965535,16,0.9691685455605826,1.132430299698687,506.47852307798246,0.10899073684230412,20.285260852899683,1227.4772496701041,1219.4214812407322,1187.3379328582614,1149.0224175258222,3.754578676334772,2.468651847403529,1,0,0,0,M039,2.88,battery
171.4,1,22.67088062381366,23.564003530298514,0.9103094291422702,16,1.0559163872642319,0.6888202497814531,520.8399345156298,0.16418792103303753,20.35916099691856,1205.108005031359,1215.5146605791265,1222.0742714369132,1209.6724437687465,3.612947367502168,2.5238900563430686,1,0,0,0,M039,2.88,battery
171.5,1,22.711210722143242,27.348884333726673,0.9102735962845732,17,1.2133844209967135,1.5620383561909783,481.12256373444706,0.27799685679169267,20.35160520798545,1210.9406221434654,1188.709682952737,1228.906142236204,1173.9362241768144,0.9739072497211273,3.6573110785668463,1,0,0,0,M039,2.88,battery
171.60000000000002,1,22.52228094055726,25.111517961389993,0.9102449846553913,16,0.8641875602032074,0.9214667909208965,499.88196447035585,0.15682904655616953,20.347690368046745,1196.2127804624226,1246.8018623602215,1181.9714518605151,1163.0247164828606,2.6101228886246415,3.381258293498043,1,0,0,0,M039,2.88,battery
171.70000000000002,1,22.50004526556806,27.050372744597354,0.9102100918041949,17,0.9977559964124804,0.17191522754800143,513.3071475381936,0.1238384724544408,20.2963851651725,1187.0341926955393,1174.9238033405516,1193.6884672269916,1203.6682066941066,1.4309129882047222,2.23479632517415,1,0,0,0,M039,2.88,battery
171.8,1,22.408793011845326,30.78683048455132,0.9101719586607357,16,0.9321999677512645,1.3282340528842522,473.2441455722352,0.12735335172616424,20.367060458217388,1189.9816383090163,1186.8301644459623,1169.4070479150873,1196.8010466218147,2.4874311714606194,3.35927409252605,1,0,0,0,M039,2.88,battery
171.9,1,22.616736196978287,22.20516808752372,0.9101426060410078,16,0.9467826981582363,1.0047228638782597,492.48544098294644,0.17256719537682585,20.738042402506114,1208.5873158871045,1182.5297285678482,1224.5138089199365,1215.6949854709621,0.5687487131894056,2.8167111996535015,1,0,0,0,M039,2.88,battery
172.0,1,22.4443699499155,27.357314671014045,0.9101061660159635,16,1.0239985148109132,0.4469947389489286,500.1076295283237,0.1137184628859897,20.950190044786,1158.6455101166882,1171.5091879491483,1223.800086793767,1207.4410979767474,1.4507784596768907,4.604358091834302,1,0,0,0,M039,2.88,battery
172.10000000000002,1,22.499805458753627,26.191646531226688,0.9100780635278042,15,0.8296616583821369,0.20260428250755763,501.97628038357806,0.09829279222803916,20.66227724084994,1184.3590283304875,1229.1650427485324,1171.5242779750045,1224.281941635289,2.7607348810103756,3.8612644694755938,1,0,0,0,M039,2.88,battery
172.20000000000002,1,22.3639601660437,28.91331209608161,0.9100359385577612,15,1.2199928889999396,0.6676592303549416,477.9414418788471,0.08472959850683946,20.569312952812755,1224.3744130735292,1204.0221503451069,1177.461596923988,1200.8159867623176,3.394573894202685,4.513299568481056,1,0,0,0,M039,2.88,battery
172.3,1,22.339219263250694,26.814242109647562,0.9100033123697221,17,0.8567737806430704,0.506221860699769,475.545012923044,0.14295467058736586,20.6163847062375,1183.7285546960545,1223.5277677865367,1197.7844458637646,1171.069441905115,4.546750178721636,2.835131043851325,1,0,0,0,M039,2.88,battery
172.4,1,22.5039404210761,19.357523393820713,0.9099723555776562,15,1.0605794642818025,0.5009789403631698,494.63376314873204,0.03993132569015094,21.103312669445522,1181.6894860683647,1189.8351975058279,1203.3848237504749,1198.6440512953,2.8898748670295555,5.900071683793666,1,0,0,0,M039,2.88,battery
172.5,1,22.578443390619984,20.00459120992661,0.909945287267083,17,0.9589486252364308,0.457408186104456,497.3473885468171,0.16477382966605714,20.968283840696444,1212.296767294891,1167.9038274884153,1177.5667165051323,1180.1813182045732,3.7850231935258076,2.6350784842599353,1,0,0,0,M039,2.88,battery
172.60000000000002,1,22.430287888001523,27.446038725765245,0.9099172632160035,15,0.9362850831339187,0.17897760910998903,491.01433108300523,0.11469318455002209,21.23107352647081,1256.2173831840148,1204.7928658625945,1171.4675162262822,1199.6249857220434,2.805828312006983,5.344896380623778,1,0,0,0,M039,2.88,battery
172.70000000000002,1,22.519101193498418,24.422497232594296,0.9098896982977964,16,0.8976206611119877,0.7461947493545438,493.3705716461927,0.04830476038551577,21.173143091679247,1213.3437964986322,1175.39654500505,1235.2563929183348,1206.862000954122,5.75649539541126,2.997558728282221,1,0,0,0,M039,2.88,battery
172.8,1,22.44545931186651,19.519726478355953,0.9098672968866803,17,0.9161316713049658,0.6878676676024345,473.5593437313271,0.030850097926351308,21.421559619430088,1211.3661377918193,1227.2325785087373,1228.883028203964,1193.7207817488616,0.758370727434529,2.2393577945334515,1,0,0,0,M039,2.88,battery
172.9,1,22.533302415055015,26.52151912422468,0.9098317133073961,16,1.0153103735813191,0.32765321631684635,512.0508869020455,0.1474250232085223,21.34083072892459,1237.5140812442235,1207.7545116246638,1205.6108341065026,1166.233844236333,5.195629868979409,4.511934817398004,1,0,0,0,M039,2.88,battery
173.0,1,22.689321246409143,25.20424701993253,0.9097975646344729,15,0.8739929664775838,0.4093518802551484,495.9528785632082,0.20002026362079922,21.502530674377528,1183.5279111032644,1154.3472491105315,1192.6457767712486,1167.5655203222886,2.765993452269775,1.964626500869415,1,0,0,0,M039,2.88,battery
173.10000000000002,1,22.525114700138374,21.63504444340301,0.909763762253631,16,0.9870271049886823,0.6714770339243853,511.01733771931754,0.2755083062336867,21.970703801421283,1230.9276019578922,1234.2273896558845,1191.4092840941237,1191.851163782615,2.7350878673238306,7.286511215168801,1,0,0,0,M039,2.88,battery
173.20000000000002,1,22.4452224973428,17.29780131313985,0.9097432272407742,17,0.9800494035660025,1.2959562200003238,509.1660710605709,0.1777319810738168,21.710973910865704,1134.4979428730685,1202.0624967334156,1142.5848837847382,1189.9424935079558,5.154553321361762,3.802202258124595,1,0,0,0,M039,2.88,battery
173.3,1,22.459335344517044,27.70350735841982,0.9097125816417065,15,0.8220897743380902,0.9367360939445399,524.3894053813356,0.23215414844763596,22.22500435959691,1232.6854379692907,1133.5603787044301,1233.8496701514132,1166.3200053502703,2.602108996550548,3.4443864358408165,1,0,0,0,M039,2.88,battery
173.4,1,22.193166396228506,23.70079666945356,0.909684054190423,15,0.821783183525597,0.5023889530427046,490.0259259605609,0.11641646078288437,22.22047246544411,1208.6906437684686,1193.9093387868013,1240.1968706826938,1178.551979006174,0.7920009536988359,4.307332926677649,1,0,0,0,M039,2.88,battery
173.5,1,22.31395271271761,26.429727645071825,0.9096526441390325,17,0.885071939829764,0.29878477737259335,477.5821134889616,0.07146620634138129,21.75984373059743,1222.1103945442817,1210.6841632301587,1174.794091266787,1191.4948769304726,0.7302824267485323,2.0691410869810047,1,0,0,0,M039,2.88,battery
173.60000000000002,1,22.271530396381497,24.666355881796356,0.9096278147048289,15,1.0597688945596102,1.0353855198493354,510.9248882703765,0.07983057748364492,21.515003813063675,1223.1041647069646,1202.4884841854353,1186.2693893987475,1192.9987789250763,2.814526542722073,3.625717653637178,1,0,0,0,M039,2.88,battery
173.70000000000002,1,22.289618705558826,26.709829759184327,0.9095930735759711,15,0.8842442644340487,1.0622768329987349,487.0622093492386,0.21386532786373394,21.363430794721797,1210.104357918055,1185.1792764632082,1189.99406130596,1163.1363194396397,2.8551244180358277,2.856123608941526,1,0,0,0,M039,2.88,battery
173.8,1,22.473367845612902,30.146505098064253,0.9095572042168815,16,1.079758186835151,0.49115885454884206,508.79455362957714,0.09701452491881962,21.303078798270715,1227.3655847200637,1252.1928533612897,1165.9922500382704,1188.2088725980161,0.9207394717840034,1.5817769165220625,1,0,0,0,M039,2.88,battery
173.9,1,22.434638714144644,26.684992010156417,0.9095286041198816,17,1.0616470826983293,0.37028511736619885,504.1715164185624,0.11317505873751939,21.232381543457493,1183.7815241480064,1185.2339640091525,1194.728364733201,1193.1967552632004,3.32124843737952,3.0475766210560167,1,0,0,0,M039,2.88,battery
174.0,1,22.19351976838033,26.98699156039067,0.9094977220359278,17,1.0315993470655007,0.21358311903593313,475.45629260460987,0.08620352374669107,21.093527137845907,1259.5419756117963,1164.7894089839124,1185.2193241175178,1238.3604227658464,2.206082679410713,0.8571517995917517,1,0,0,0,M039,2.88,battery
174.10000000000002,1,22.058639234199013,26.574336416863634,0.909469265909232,17,0.8647267261996852,0.9008438800232679,481.6413715102383,0.07581952709147322,20.957876635031223,1220.827849498653,1217.1175356263302,1242.9608875335634,1212.7631604732308,3.493295526404058,1.9525275762080396,1,0,0,0,M039,2.88,battery
174.20000000000002,1,22.563057382909395,24.506877977211957,0.9094447215994101,16,1.1990674520604039,0.3611267594708395,519.5667518539029,0.10584834475145241,20.91282435442514,1159.6425803607858,1161.763087963434,1186.1285830704974,1158.3837282557965,4.177510392041538,2.929994087302056,1,0,0,0,M039,2.88,battery
174.3,1,22.314529058152157,22.291720992583365,0.9094133881197245,16,1.2452254719988998,1.3839766595590572,506.40074846516103,0.0979139517013318,20.64331938392011,1206.1165680888912,1181.5194932748395,1153.7435003321043,1184.986418654445,1.9876393167638446,4.552832617430978,1,0,0,0,M039,2.88,battery
174.4,1,22.3548444860929,23.711578739499245,0.909383751485713,16,0.8637883557192648,0.724590316324167,476.84457110014694,0.09527784708439915,20.77863858037302,1191.4811516786597,1217.33518036641,1190.13017054138,1203.9721658209394,5.925471856101736,2.606817338700826,1,0,0,0,M039,2.88,battery
174.5,1,22.22723323871244,27.1244331802274,0.9093580788359741,16,0.8191967436958675,0.4069611631085528,516.3873843686791,0.08050260689328453,20.77519097365061,1190.8218099687747,1207.9153062904998,1202.522985309554,1201.491364700443,0.40456837703512816,3.0716936471578347,1,0,0,0,M039,2.88,battery
174.60000000000002,1,22.20601308149974,29.60102152584571,0.9093264178504847,16,0.9050709352150241,0.47649103863800457,511.29021294089426,0.19977236967962322,20.43765223933403,1218.888196648141,1189.4119010131021,1173.1026913523392,1177.9125096384091,4.816170756911198,0.8186670078388479,1,0,0,0,M039,2.88,battery
174.70000000000002,1,22.336810790383424,23.66466098100042,0.9092992436795445,15,0.8934752884592918,0.5185410756648456,524.5653785836075,0.19485856701782955,20.609073487645308,1180.29155117375,1224.952512248834,1200.8082662396846,1168.5038742280094,3.229922054564877,1.9430084103245338,1,0,0,0,M039,2.88,battery
174.8,1,22.2954144471008,22.526312909881383,0.909270306455491,15,0.8173658638082596,0.4420134894551783,522.8241151492392,0.07587851746739313,20.670250769677633,1163.5773960485203,1181.4456694720586,1178.186153941871,1200.1119386779342,7.07071837125285,2.1819151371408783,1,0,0,0,M039,2.88,battery
174.9,1,22.15932911674466,28.164664533646874,0.9092402647432827,17,0.9772820255564186,0.3262843669047988,501.8242619633559,0.13535651774366297,20.73321591553195,1191.2866963551614,1157.3427744005203,1200.4939886337306,1208.6516115309075,1.916136720966681,4.5697881029620655,1,0,0,0,M039,2.88,battery
175.0,1,22.285943032284838,26.287906290765434,0.9092088671271195,15,0.9766628834356014,0.1320104552538396,519.5402617655081,0.0668390698919321,20.958238316771148,1189.09843999285,1227.4269441496306,1212.936245584704,1195.6631131139168,2.349561347951372,3.2892065028005955,1,0,0,0,M039,2.88,battery
175.10000000000002,1,22.33134729405308,29.78673377345486,0.9091719205187813,16,0.8976966927193257,0.386972801601827,507.24829866458674,0.12032517391356413,21.03517536306795,1201.9396151720948,1140.221794761998,1188.382529574728,1181.1484217152856,1.770611788046821,8.60439453046642,1,0,0,0,M039,2.88,battery
175.20000000000002,1,22.41937940742966,23.915209364674404,0.909142570966317,17,0.8260895778348993,1.2758578971459291,474.96561141494783,0.052932548176172746,20.90005138374407,1179.8614436118003,1195.7077045700632,1174.8584444171813,1214.9373633725243,3.1246096989672476,2.0831983257001103,1,0,0,0,M039,2.88,battery
175.3,1,22.331700537486167,30.24137883750619,0.909108113683788,17,0.9383667745363979,0.13118643722182238,522.1954960366386,0.3066026549764751,21.320734764438853,1197.599063312781,1186.7807408699355,1177.884660034375,1238.2578848821752,0.7512145620684281,4.143009737145116,1,0,0,0,M039,2.88,battery
175.4,1,22.041534485527514,33.95344322437313,0.9090726669812395,16,0.9246390042428825,0.8265499404322654,509.3671631565512,0.015651156179797506,21.05009539556608,1174.345362120439,1195.8698744300439,1201.436826317164,1232.4505738422267,4.414014010956182,2.7569112954673365,1,0,0,0,M039,2.88,battery
175.5,1,22.312603933971527,24.094093091190896,0.9090423935893432,17,1.0357284844854038,0.8975185624647184,524.0797869027128,0.0720825907948181,21.031234895925873,1199.71359214654,1231.0785276660574,1180.3300943274232,1166.264814499197,0.6105059203989295,2.8742919653256753,1,0,0,0,M039,2.88,battery
175.60000000000002,1,22.090210942113238,26.287858008747914,0.909006878492119,17,1.0476131127504207,0.6789681932998666,491.4615975467577,0.03592792238335244,21.085550683384135,1202.5208054760735,1174.5498322507715,1199.6397780460786,1203.9792582541083,2.908021215513188,3.0268898050341506,1,0,0,0,M039,2.88,battery
175.70000000000002,1,22.391770777061126,29.275628913761203,0.908976071163085,16,1.0315987391361625,0.7738902973920743,518.314981976826,0.24526821083072253,20.943559417598255,1181.407979413305,1195.178870185245,1208.0999131803756,1202.3626950117753,2.837550648210847,2.4305190671918218,1,0,0,0,M039,2.88,battery
175.8,1,22.260202591392808,24.261914011244798,0.9089508488644656,16,1.0485206217461547,1.0870394033542468,484.7346616364528,0.04114972663464263,20.70544740615672,1236.8626857051895,1221.8940378853729,1176.1164563068696,1240.3219809506286,3.30499852271022,3.121751144737626,1,0,0,0,M039,2.88,battery
175.9,1,22.282670163073302,25.284197967953943,0.9089246717629038,16,0.9912398262588789,1.027394294887003,519.512388304056,0.099558861918564,20.877621260948363,1159.7297528210715,1229.1585809956398,1205.5179174807313,1221.6135028572296,4.688140683350834,3.0933026942426505,1,0,0,0,M039,2.88,battery
176.0,1,22.12511278558444,23.232540094939587,0.9088903708565665,16,0.9961084479402891,1.6895164943524783,510.48747866154974,0.04043516326299506,21.10269125646723,1184.97413618939,1200.584595700663,1203.685572336294,1199.244953944565,1.5366423903588977,5.833628690011238,1,0,0,0,M039,2.88,battery
176.10000000000002,1,22.259904448941626,28.804668055751282,0.9088579361549577,16,0.9491433353796036,0.6102068555683215,547.2865812540989,0.057470035929065036,20.97695264434631,1168.9909291556012,1192.3580028951546,1231.6043296275743,1219.2189527155829,0.6827406560841542,3.961562180202338,1,0,0,0,M039,2.88,battery
176.20000000000002,1,22.01462004987947,27.924501172255212,0.9088211206867776,16,1.1197142176186667,0.5208369297659061,507.3545222202828,0.25187470262341605,20.575578667167445,1178.321316946547,1181.1890714220528,1208.0029150913192,1237.5936649906953,2.1872855801932993,3.1281794518436645,1,0,0,0,M039,2.88,battery
176.3,1,22.135374403896495,24.76263707145253,0.9087950248250516,15,0.9289043798719401,0.3054861785232402,500.988208874214,0.1880627986387519,20.60625078576029,1204.7844566487438,1201.2645973722135,1208.045714147658,1217.3855886313324,1.95903380997947,2.312687202180827,1,0,0,0,M039,2.88,battery
176.4,1,21.914338853662557,21.491255364421182,0.908761731147732,17,0.9782840265881881,0.15414450922752873,522.4682719592314,0.3230547095129432,20.26154941799893,1186.602863966343,1193.4117550346216,1202.3453376745676,1189.745189521626,1.5223826039517114,1.8549517296762783,1,0,0,0,M039,2.88,battery
176.5,1,22.136389922229583,22.976715483272706,0.9087396342236017,17,1.0863359586825752,0.5017833760593639,487.5089642898097,0.10677981967758035,20.158978494786265,1180.501464187779,1229.9387565416207,1242.9406915693091,1202.9018023737326,5.7132107879171325,3.2051091966338996,1,0,0,0,M039,2.88,battery
176.60000000000002,1,21.959571460243104,24.612357832782752,0.9087118172748712,16,0.9216605512819904,0.43309052458585146,511.3956556293585,0.09496634603411727,20.162890746126873,1197.3566907216884,1184.2684300859364,1191.8474137911924,1226.899954455337,2.9523264461102765,3.4249285495760766,1,0,0,0,M039,2.88,battery
176.70000000000002,1,22.14179647707723,28.236823303796797,0.9086882898106384,16,1.4850627614456386,0.38169607937030403,518.000017794409,0.16178557892568676,20.140301792031764,1219.804437057286,1210.8370266066377,1216.8407736057807,1171.5852986710454,1.5375057575481224,2.2216228492304197,1,0,0,0,M039,2.88,battery
176.8,1,22.176355185832527,28.910183112002542,0.9086548354224635,15,0.9735711574722263,0.1484848973252148,468.6909978558779,0.07844862899305,20.42588944459845,1126.804511154323,1202.0122872736533,1212.7725386109453,1165.2403261152572,6.8438969027847385,2.731414038772241,1,0,0,0,M039,2.88,battery
176.9,1,21.989339787372018,31.172449129704432,0.9086236098520326,15,1.037458816637429,0.8409040411195318,515.5671544552121,0.27441575270113505,20.073305429381872,1178.2638075170196,1231.3363601519216,1187.222620350166,1211.577646722089,5.542954961716412,6.932168296603387,1,0,0,0,M039,2.88,battery
177.0,1,22.26369035920032,28.933127593420856,0.9085899557286016,16,1.184119233712773,0.7060225769264772,530.7753397286783,0.21794036544994516,20.456686615785728,1180.4510558626973,1170.7756884950652,1208.2311116289618,1192.6175827677396,5.440898174323602,5.649044395344671,1,0,0,0,M039,2.88,battery
177.10000000000002,1,21.826887303693923,22.102263073368107,0.9085585266616141,15,1.1071076770651305,0.30266742816797215,496.7127283161397,0.10154524178625683,20.29712731015583,1191.0753362533676,1189.7109410517344,1168.8868291611568,1172.4897076689128,4.21122767929937,3.8121143366449886,1,0,0,0,M039,2.88,battery
177.20000000000002,1,22.0393298957351,27.604896633477015,0.9085282461553212,15,0.9845367495949188,1.024276298965448,518.7893813925765,0.35876311402331174,20.02394806489041,1200.2039595096849,1206.5635197907409,1145.6362324460013,1167.1490127748084,2.769926438171138,2.5103460410223883,1,0,0,0,M039,2.88,battery
177.3,1,21.832326360864034,28.235918644441703,0.9084942596946904,17,1.02506858258694,0.9981145328942281,508.24047003967456,0.23038188645340904,19.355856303067362,1201.7561437808897,1215.778209027971,1222.4185379841379,1195.011893130552,5.109680600935093,3.5312375510244505,1,0,0,0,M039,2.88,battery
177.4,1,21.928870191077028,29.35725709063285,0.9084635809155669,16,0.9451683756463762,1.6645014031845482,489.27536642068975,0.1594298148476687,19.035098552082392,1214.4423267754369,1121.918077979229,1194.1064902960827,1182.3105894810758,6.531355769932746,4.306337506470163,1,0,0,0,M039,2.88,battery
177.5,1,21.798536565159836,24.614208237097884,0.9084286313749201,15,0.8251600193342907,0.8067488212638809,475.15472271947453,0.0999651415770767,19.392477028849047,1209.8940198845535,1188.8189989180214,1218.4632286732578,1235.435851714015,4.556052784250888,4.864789724763445,1,0,0,0,M039,2.88,battery
177.60000000000002,1,22.196721125483197,26.28010607003352,0.9083993077675172,17,0.9116624643907656,1.0881435667202721,510.07202859715795,0.2517578370846635,19.284194802370916,1159.1639436904552,1185.0631390063186,1197.1257504279258,1206.3234109081027,2.2629847096690057,4.676236392357072,1,0,0,0,M039,2.88,battery
177.70000000000002,1,22.14091721330271,29.932908348608574,0.9083612568282264,17,0.95474516969808,2.0476155833249017,500.0228573847002,0.09976222985390085,19.53482290379719,1160.0208351106749,1199.953410724651,1192.3072245885664,1191.6600128720456,2.18882354180369,2.827050284895337,1,0,0,0,M039,2.88,battery
177.8,1,22.03484487315146,30.270853209716407,0.9083310168217259,16,0.8739338301033763,0.26544593212518075,506.8363627193775,0.10945607319992477,19.91326280499662,1196.7854511566761,1189.6310367475814,1206.06798112493,1186.90449352135,0.38826377664407385,4.6926450898170975,1,0,0,0,M039,2.88,battery
177.9,1,21.78150544947516,28.70896852968286,0.9082930999378525,16,1.0227093197564407,0.90480608990308,509.129631507237,0.02280941597668423,20.098299126790472,1188.2874180422266,1205.4044617195111,1222.9502956269657,1206.5766737131414,2.207781363986242,1.4928178741702587,1,0,0,0,M039,2.88,battery
178.0,1,21.861858040592058,30.6717372159796,0.9082612324378667,17,0.9042327911853547,0.6662307315734197,488.29114322582114,0.05107808004027315,20.045921425845595,1208.9938637671944,1196.9113940918594,1204.698495067183,1193.4132606919136,1.7099589146695435,3.7140750690311326,1,0,0,0,M039,2.88,battery
178.10000000000002,1,21.996221606239008,34.67428455590649,0.9082338447461078,16,0.8898056174816418,1.2747427962244964,479.69065779249365,0.12761754335409992,20.311816470310315,1160.1491077828996,1157.5366065107532,1211.8695527834159,1230.491723876348,0.2719649481777943,2.861301081649592,1,0,0,0,M039,2.88,battery
178.20000000000002,1,22.02225532512348,23.73165463546965,0.9082091165081944,15,0.8902473355165796,0.8658348177855124,503.69151802100544,0.28951137155554285,20.482361940710128,1190.453225262063,1178.9891359567064,1204.0344188079262,1246.2644333678672,2.3231270991588207,5.329401447822526,1,0,0,0,M039,2.88,battery
178.3,1,22.115236898632745,26.225665524647304,0.9081745670186264,16,1.003681953540018,2.3711877337966536,494.4222330791875,0.08951149448625198,20.63419060994359,1190.2891232145107,1172.9099116383657,1218.9591426365143,1240.5077481280869,1.7785996601915466,4.071193273936858,1,0,0,0,M039,2.88,battery
178.4,1,21.884121656231006,33.64225886008942,0.9081384582612555,17,0.946434247757337,0.4880811981612705,503.6017039938895,0.14307465290243981,20.76159415440952,1185.0047502212362,1180.2368504607932,1176.8160966792846,1209.9505485352631,6.225814486315919,3.3988355073030823,1,0,0,0,M039,2.88,battery
178.5,1,21.83030826125799,26.118035740781487,0.9081044387520948,17,1.0976597451139791,0.5778423965715392,487.72670227104004,0.08593767132672135,20.200558700858693,1154.0481635401056,1266.7373862199856,1233.7612468595084,1205.1969620693847,1.2391427500621264,2.900315628621249,1,0,0,0,M039,2.88,battery
178.60000000000002,1,21.8138218272188,26.14615985830703,0.908077347866162,15,0.8260368776709818,0.7477322101533455,526.6654025059095,0.19580264281325868,20.532705947899608,1184.6259732526764,1245.2247035362714,1183.0176236966045,1192.3546018842837,3.352781523943907,2.054038042497357,1,0,0,0,M039,2.88,battery
178.70000000000002,1,21.899026144689792,29.278369718893988,0.9080450476642951,17,1.0240401040489142,0.642104080501507,478.5604865652818,0.05056100884588678,20.210500662149204,1225.8418254825908,1194.7507319686372,1176.8876788333198,1225.615777489992,2.002562065157724,3.2415777901159495,1,0,0,0,M039,2.88,battery
178.8,1,21.919848792987885,27.48142132644304,0.9080171661368548,17,0.8268257031185419,0.7080354126277943,482.91179206782954,0.11075733960850645,20.70344844904116,1217.775707940483,1252.2255972073797,1189.208657526114,1201.3434517441492,0.26263875871705017,3.2489997388088487,1,0,0,0,M039,2.88,battery
178.9,1,21.822602924580465,30.38989020872807,0.9079841396894854,17,0.8679507475239773,0.5946472580494044,506.48015032069117,0.1728779080238848,20.52436387662443,1226.4344685067078,1160.655121754305,1181.0741004202773,1192.7538865282734,11.206985985084824,3.436964939000358,1,0,0,0,M039,2.88,battery
179.0,1,21.746522287345464,27.536377526151128,0.9079564248657572,15,0.8627551677888161,1.0462887680685093,492.2574852001683,0.227943505433501,20.160221018698493,1183.8825374382027,1227.0645247648106,1211.381743476075,1212.2168390453862,3.6400193186607543,2.186193294096033,1,0,0,0,M039,2.88,battery
179.10000000000002,1,21.882384560195067,36.524665308156024,0.9079266570962784,16,0.9978603867714642,0.4733678127141143,501.97162405921586,0.12330018272426778,19.874180006894708,1184.6175719379653,1226.7999671754512,1199.5926598846456,1165.4044722198264,0.25774971466871927,2.6536160622481413,1,0,0,0,M039,2.88,battery
179.20000000000002,1,21.631622641859664,28.48636452392008,0.9078974594643209,16,0.8951831668827344,1.321716004006664,521.4493180091663,0.1818715995946345,19.494764151608052,1223.458855629589,1208.5984046573296,1203.6187678115987,1221.348356399282,4.151465926886567,3.2525756651085604,1,0,0,0,M039,2.88,battery
179.3,1,21.972586986569322,28.77398845078166,0.9078672927362559,17,1.0246841269858091,0.41853205353551837,491.21926931234117,0.18979787250757976,20.02951512064259,1239.7931888388446,1194.6541760416308,1218.271003367988,1214.6712129180842,4.593466874265114,2.166698608482716,1,0,0,0,M039,2.88,battery
179.4,1,21.866810224830072,26.558301542630034,0.9078284519981543,16,0.8993154092276479,0.5924668103672007,541.2472397896648,0.06607992285714435,20.24777126527141,1195.6882091588823,1198.8833489853746,1184.799078611675,1190.7696601364862,5.665358351172738,3.417002617218416,1,0,0,0,M039,2.88,battery
179.5,1,21.76903812364103,28.558474145411527,0.907789630058426,15,0.8571800558981292,2.2273390744828365,470.251837638925,0.2465638415776038,20.34975745539475,1212.0617064487226,1192.965049532103,1200.3580020790039,1199.1720004263912,0.3891817493814434,3.3585999567197846,1,0,0,0,M039,2.88,battery
179.60000000000002,1,22.02435734977506,23.441163585208496,0.9077602423397394,17,0.9226003309477774,1.4160322379738997,522.0848909697906,0.07234044809385708,20.453119779002204,1160.676747300687,1213.6717247427812,1234.7655589440203,1230.4957186931638,1.8080092735449513,3.1288334412471146,1,0,0,0,M039,2.88,battery
179.70000000000002,1,21.81387607687419,32.21345509286142,0.9077268844648559,15,0.8931543888015552,1.7111190990531866,508.64560441882355,0.19948282549629828,20.27246101960872,1235.0748968172586,1183.2453167051344,1148.3470675557337,1181.161790659192,3.7157040369778245,1.2792845980583336,1,0,0,0,M039,2.88,battery
179.8,1,21.780087406281762,33.9965529831754,0.9076933076422734,16,1.0008791369764527,0.19310295557854107,499.63560670267475,0.08907704887153416,20.015473237009516,1184.8970156221676,1187.3269734865828,1188.178726183598,1217.4668621526273,3.138223206492446,3.843569668887856,1,0,0,0,M039,2.88,battery
179.9,1,21.787031517443577,24.762492096667625,0.9076668377769025,15,0.8534015734957887,0.09378215566485025,509.3700997716069,0.06485613411068092,19.89795955767654,1216.2203058150403,1142.9021107668875,1205.5503475091446,1246.32250090489,1.9257833427022928,4.936311572813163,1,0,0,0,M039,2.88,battery
180.0,1,21.637737641892087,24.870711446001494,0.9076412858123905,16,1.1200722009058615,0.3394620903732527,490.23788913131204,0.15650814051937625,19.685223031258907,1216.5927587248682,1231.9017698389698,1185.215288253729,1192.6519609610084,1.8138387003005858,4.717823014442017,1,0,0,0,M039,2.88,battery
180.10000000000002,1,21.84679070959961,27.517859224000052,0.9076180835311076,15,1.1716732858212597,0.1528532425003306,462.63288263014755,0.008872757565904962,20.063928502052466,1185.2277614538539,1187.0891917237366,1207.6816321540502,1179.9542730403653,2.003579739093899,2.7743392240160505,1,0,0,0,M039,2.88,battery
180.20000000000002,1,21.646344365301445,28.5972495310926,0.9075844234069057,16,0.8274998618162904,0.33381464816159145,514.9970721693505,0.1223545912086389,20.22151007935699,1190.1994962007302,1210.0028143467625,1207.8006110974582,1260.9311735175627,3.893415972227511,5.113299891300359,1,0,0,0,M039,2.88,battery
180.3,1,21.545911273218476,31.442569311809624,0.9075479579743253,16,0.9657574912274561,0.539030719290521,505.9419897711518,0.10999169693133122,20.24722511672919,1135.2490160226037,1220.6490163755045,1184.990569053105,1192.9131684207314,2.818676452577921,2.1250538938160104,1,0,0,0,M039,2.88,battery
180.4,1,21.678533231148343,35.71569527003893,0.9075215399735399,17,1.00725457124114,0.8233659511076588,456.2650181709511,0.3309505519551065,20.331072732828744,1239.4812866657135,1213.3556660419974,1197.8298120628174,1200.960316850184,1.4612925964113013,4.4533348355729325,1,0,0,0,M039,2.88,battery
180.5,1,21.702042526968523,27.3884605485383,0.9074898653786307,17,1.0429648731858019,0.8170777683599425,500.7921682944734,0.01991559077981163,20.553478352706165,1183.2556792514215,1174.861811980703,1232.2373111572797,1204.787609534104,5.379856412886956,4.248968798142961,1,0,0,0,M039,2.88,battery
180.60000000000002,1,21.592705746937263,31.39358548193291,0.9074588234342275,15,1.1677064831702744,0.994680999129934,496.1035972329878,0.0859885655625053,19.563999427281423,1130.6928108673205,1214.3431037750456,1176.6158255442535,1189.9788200706598,3.426771224297681,2.0902353715619597,1,0,0,0,M039,2.88,battery
180.70000000000002,1,21.734230167120963,24.768821688214366,0.9074297739469408,16,0.8889439176341505,1.0247051192691625,503.9737631146641,0.013764669687956116,19.407761904531718,1193.6853258553526,1178.2998086867526,1228.114212750535,1206.3833079773033,2.1830575422089646,2.9616709296388377,1,0,0,0,M039,2.88,battery
180.8,1,21.43112530204654,28.79466452683122,0.9074031712082413,16,1.0070960800813156,0.48310341994010597,499.9603146002271,0.020825189330780938,19.625975434452744,1192.8739362652286,1227.2925914987723,1213.9602390520963,1225.191363522445,3.0345695909416954,4.480056132509429,1,0,0,0,M039,2.88,battery
180.9,1,21.682986182316746,27.111204118553133,0.9073732299178249,17,0.8848755761269276,0.3098474995493262,475.6344528678036,0.08527283306715645,19.5206876258641,1182.6640011462337,1176.542225928938,1193.1190322677264,1212.3185451421898,1.5118230666044352,3.793202996998315,1,0,0,0,M039,2.88,battery
181.0,1,21.670138019705504,23.53787565907915,0.9073366087106013,15,0.940091545425193,0.8677385180895167,516.6706091982414,0.07756848257073685,19.989500257159303,1167.1428322717184,1201.5775170645832,1174.0880590508273,1230.732181498109,6.742689734053937,2.9616158953510885,1,0,0,0,M039,2.88,battery
181.10000000000002,1,21.582309405615327,25.917936006400573,0.9073095729037334,15,1.0429753659201813,0.4965271805472672,543.3533140783737,0.037456538932398226,20.38095057864716,1187.9129179260135,1221.238367494234,1240.4064247749707,1238.5691922384897,2.2610113945194312,5.514614609823367,1,0,0,0,M039,2.88,battery
181.20000000000002,1,21.609100315666332,31.332630204734144,0.9072827000567698,16,1.0733198503752055,0.687523647659363,504.17513918004676,0.022675229209042642,20.46798705758207,1184.1168882749937,1232.864950055232,1133.96075242427,1214.0064055629389,1.8389215067656022,2.4908922052537306,1,0,0,0,M039,2.88,battery
181.3,1,21.69116184577519,31.216725442714456,0.9072507802247413,17,0.9090120026448786,0.7340198399872595,479.79466962972015,0.12285757322895346,19.95564717833078,1162.3847734498645,1193.3377806701742,1216.3220775315413,1221.1547282652596,4.018209757746984,5.116139632949933,1,0,0,0,M039,2.88,battery
181.4,1,21.737228875425377,26.138684688282368,0.9072174280852556,16,0.8355426554147055,1.6689599075373847,504.8343561100711,0.14299422000404868,19.78341139554074,1157.4588578048904,1211.2973336620862,1197.060787861068,1217.5813852958197,0.5453042622119944,2.678354696330895,1,0,0,0,M039,2.88,battery
181.5,1,21.696452506541494,23.33677345091478,0.907190059560866,16,1.1140286479241117,1.3854193305232427,494.43187818908734,0.20300299492095913,19.66143850477628,1207.7957790359885,1210.1342585250254,1226.8665270616452,1193.8394682253484,2.5773461215399163,7.659568072984698,1,0,0,0,M039,2.88,battery
181.60000000000002,1,21.451915169752965,25.236603607197143,0.9071598745255485,17,0.9163142063688843,0.5918075341119585,511.5480825479113,0.1860189120898139,19.769027494377575,1242.7020522981,1187.615962860612,1191.3908344276556,1191.0254571940784,3.236543991813199,4.9679324604194015,1,0,0,0,M039,2.88,battery
181.70000000000002,1,21.40003554666468,28.90622112818992,0.9071290569826151,16,1.1887969154744755,0.5109597165196503,492.0107606608637,0.15080438463430818,19.708330590539102,1211.809981701945,1189.851535229248,1194.920968953211,1211.6631795934409,7.185773439616601,2.2551223817275137,1,0,0,0,M039,2.88,battery
181.8,1,21.666367785405512,35.93647540613954,0.9070933214529496,17,0.9603951214574684,1.6534752424119652,481.50305415065884,0.08656332837167346,19.32342510223163,1212.5768084987624,1220.2945925351114,1221.816996361193,1199.036453604099,2.2651571244822364,6.828355848032287,1,0,0,0,M039,2.88,battery
181.9,1,21.574052816431045,28.300793256641096,0.9070663599275706,16,0.9743120708840047,0.3669843999347781,506.9397807244518,0.10328241722100592,19.353853416793278,1203.4790878360996,1203.0476338024255,1209.0419278698478,1234.83367000298,2.188978093818274,2.4089974765717854,1,0,0,0,M039,2.88,battery
182.0,1,21.509450336554767,32.642724615937816,0.9070329026114362,15,1.1397560276797796,2.07681339331331,502.6740369433523,0.027117186713603296,19.308500809646088,1218.14352326697,1147.3492621841172,1160.785257789203,1192.285086860148,1.6176731128514916,3.8667073563718217,1,0,0,0,M039,2.88,battery
182.10000000000002,1,21.497541988232978,31.35836880302641,0.9069982623249072,15,0.8941181973100543,0.37423445401635685,518.6952689017571,0.04284640384908579,18.834385798072304,1196.0562169322716,1264.0993679936926,1190.086196258714,1166.602099592916,3.0383317316157363,3.640856763447828,1,0,0,0,M039,2.88,battery
182.20000000000002,1,21.488516354812003,26.654544298324026,0.9069684336259072,15,1.0598926332090581,0.9285726923350891,529.4931105780089,0.08439917177037463,18.762486606133308,1222.3840266704497,1196.0933452222046,1202.0392784594226,1179.1507942277194,2.272427846867788,3.0141025127191607,1,0,0,0,M039,2.88,battery
182.3,1,21.416573007767703,34.59825299640786,0.9069383279843278,15,1.2626727934001614,0.5786598038860385,483.6436641307684,0.12810691660929086,18.437159662986435,1208.620851258465,1194.3784991787952,1190.0747034296426,1197.9575658485578,2.5324540715149535,3.480032158115617,1,0,0,0,M039,2.88,battery
182.4,1,21.471023380541094,28.961164128013632,0.9069144826927511,16,1.137870009204969,0.12459605118941161,499.45290645740926,0.10543935379066137,18.056370669327862,1233.6054726078175,1175.2585551030456,1181.4545584552118,1207.4317875637942,5.507590635002609,3.3277725686971618,1,0,0,0,M039,2.88,battery
182.5,1,21.437257353840742,25.698941206681667,0.9068834671439459,16,0.9171955982802198,0.5078887104103101,510.5474361238719,0.15159962933282586,17.749903106402268,1220.9172422439985,1201.0401697211316,1202.8951474657692,1178.7287155576237,6.579787183694339,3.0476789318092883,1,0,0,0,M039,2.88,battery
182.60000000000002,1,21.412912776641065,28.488310891115297,0.9068518094177666,17,0.902836553276568,1.1162953733188115,513.8197406042143,0.037335478111685104,17.762089906264777,1219.2951794897706,1241.0786998416372,1201.436908495778,1257.301445271625,4.000919585558196,2.9802224038262493,1,0,0,0,M039,2.88,battery
182.70000000000002,1,21.27343233472814,35.006377218477056,0.9068144684192183,15,1.2173845342920555,0.2987663993796489,491.88960651696146,0.0524821861646762,17.330118626783616,1192.2706911935325,1221.6641688806942,1168.3693560947893,1229.613756477869,1.9859668038265799,5.262077460665047,1,0,0,0,M039,2.88,battery
182.8,1,21.376868233335948,33.00921244062396,0.9067800902649235,16,1.0202380089437415,1.6202976366217234,517.1226513735626,0.20320094299939706,16.966357687199793,1209.7449890389803,1200.5280776124416,1199.6350092860146,1222.635265586072,3.34259660844482,3.460593231286142,1,0,0,0,M039,2.88,battery
182.9,1,21.39511057949409,32.574561275497295,0.9067409211660908,15,1.1431250633216319,0.2576110506997772,478.34830987701343,0.23330666885827925,17.311645153750437,1221.3664731928397,1196.1803418742907,1237.8161457470399,1181.1225213314283,3.810961806666477,4.7949219955195055,1,0,0,0,M039,2.88,battery
183.0,1,21.36536989704215,34.47129602766177,0.9067041733300752,15,0.940854192172123,1.8652383463691193,494.67566062169715,0.13116410869281186,17.265801021407697,1199.2147795123176,1221.5967620500992,1217.1648941142118,1147.7897239231659,3.4161878637738847,2.814345118446958,1,0,0,0,M039,2.88,battery
183.10000000000002,1,21.580663767570687,24.588557084607903,0.9066749929184869,17,0.8438994629358378,0.1870081151812812,488.2483560124354,0.06376018520860256,16.9479151269028,1219.5570705764703,1201.7378906036572,1212.493623828591,1231.845266322091,2.8720751908687356,3.2578163597462764,1,0,0,0,M039,2.88,battery
183.20000000000002,1,21.600645323727367,27.704791394369934,0.9066482746118885,16,0.885510329732684,1.1495539274741442,469.24076166593403,0.08765873048783841,16.564975543696967,1192.6062796322462,1192.680333828826,1203.2073632403453,1194.466595200058,1.4536885267236654,2.262995340026272,1,0,0,0,M039,2.88,battery
183.3,1,21.5295289658268,22.97144494573717,0.9066216582254112,15,0.8390140185575967,1.1503908873860804,526.0788876065075,0.06322472335219963,16.56041030440027,1169.6926096416453,1177.2743737324327,1187.164551865138,1150.8728714413385,3.4474889332281244,3.614051261859177,1,0,0,0,M039,2.88,battery
183.4,1,21.428779370444943,29.17889125052083,0.9065879321155117,17,0.9995228652839392,0.5755664168921122,502.84655973579675,0.18565212614486168,16.86153720536489,1171.5056388440833,1193.5405616001703,1212.5156111625217,1215.2834126671464,2.113749904752116,2.824222401220804,1,0,0,0,M039,2.88,battery
183.5,1,21.363976723581832,31.586808851070888,0.9065518518623308,15,1.034500241436855,0.7586029378421748,512.6636410462411,0.01944971542404855,17.00977320029318,1190.7348925775168,1213.3614967145152,1205.7346663741625,1187.8444464500747,2.0950728549489432,4.781260481259123,1,0,0,0,M039,2.88,battery
183.60000000000002,1,21.040093247913564,32.41145381260553,0.9065179722610538,16,0.8404765114370368,0.23996125875716684,507.9091851410536,0.041105382658127125,17.075027173780356,1195.910324894751,1192.352589484657,1218.844229896247,1164.743197841504,5.711143273552012,4.456707669573564,1,0,0,0,M039,2.88,battery
183.70000000000002,1,21.28127203304975,29.986304952366925,0.906484343849618,15,0.872448964516817,0.27841037928168505,523.8409692217524,0.12220718736131814,17.137355578038466,1199.6357692901456,1163.8156417720702,1224.00695401603,1241.411742894624,7.426186399996652,2.1829898703809736,1,0,0,0,M039,2.88,battery
183.8,1,21.22947359970604,25.95712650766161,0.9064523888139534,17,1.0330004649156554,0.4457719438632203,509.83564312878855,0.19420247064132953,17.17189666372749,1186.8936051067421,1213.2038649476312,1209.1709233823976,1204.4922294541386,1.6432576356961413,2.4601776602977523,1,0,0,0,M039,2.88,battery
183.9,1,21.379536868312595,33.28926722376072,0.9064119926390104,16,0.9295500326509964,1.4169682658624787,493.9858071633853,0.15724324637674753,17.34853107743609,1178.4016919383155,1218.7237538466388,1239.2139504967834,1183.004951299079,2.7355225749440515,4.914195052045116,1,0,0,0,M039,2.88,battery
184.0,1,21.43461616648837,37.319508441286004,0.9063786301877472,17,0.9619655663725242,0.6414462797949658,484.9212278505477,0.11232728299119471,17.25751733364222,1156.4496011892625,1163.52215850691,1170.3169857315002,1163.2872302566443,0.5075101146412585,2.2467137811927156,1,0,0,0,M039,2.88,battery
184.10000000000002,1,21.34957789046731,31.749299402473483,0.9063466155794008,16,0.9808004538650378,0.6941060427885195,481.0734617896597,0.18904389772993846,16.78206863297414,1197.9862038977255,1232.1473232032506,1157.5148573252045,1234.5237409231936,6.320042040025432,2.420409636566708,1,0,0,0,M039,2.88,battery
184.20000000000002,1,21.542929772170076,32.83928771342364,0.9063167143717615,15,0.9154983640595201,0.7578335467356072,492.0651378761676,0.06596942291577465,16.639591005291855,1180.6716104031857,1207.020480436387,1214.6231330293829,1208.3527199589967,7.246710172041068,2.507356565334759,1,0,0,0,M039,2.88,battery
184.3,1,21.311524430900906,29.620115648165037,0.9062868890332612,15,0.8213994894173816,1.651560583376895,516.2305536661294,0.0671852834795915,16.11459536479824,1183.7012017513393,1242.6483581997293,1230.0544963243988,1193.3600482176982,1.351010766812859,6.269880863763171,1,0,0,0,M039,2.88,battery
184.4,1,20.99375978734923,34.67973608648701,0.9062561520331941,16,0.8842024133088026,1.8179986867852733,486.0079500727849,0.19127487825137032,15.612392207969771,1248.2837542019015,1162.5759683068657,1159.87278176308,1219.020467516153,3.11803264521772,2.3795951649237215,1,0,0,0,M039,2.88,battery
184.5,1,21.20584693830796,34.68623007325051,0.9062254718100827,17,1.323712047431553,0.36884806150216876,485.66882143838006,0.06965643105686992,15.405482907983759,1201.8646210034212,1212.5073531514881,1192.7077233239977,1209.8689925445103,8.759727445372263,3.1463176961142927,1,0,0,0,M039,2.88,battery
184.60000000000002,1,21.294421911581388,30.449529594888872,0.9061968806417211,17,0.864657394186755,0.7090280260539344,516.6472900864912,0.18453691521215942,15.086525999687403,1178.8343066433147,1187.6702441610034,1245.4663789242877,1222.8235493823024,1.7580277848008365,5.084751834886378,1,0,0,0,M039,2.88,battery
184.70000000000002,1,21.332312641340067,34.7352951599981,0.9061612325260799,17,0.8705205920582044,0.6668241980759103,501.33409633278495,0.18147251163790293,14.983198728474873,1209.2978708187738,1223.1872483860166,1229.8511407852593,1234.9672758548847,3.2769014170445523,3.88481740205829,1,0,0,0,M039,2.88,battery
184.8,1,21.258444689641813,23.555072128557335,0.9061300280560312,15,0.8757106026118715,0.2567203006102814,503.876668563627,0.11473602870272182,14.600080608658224,1197.311774764629,1199.5760630806537,1210.5833484280615,1195.253978696939,4.8498971408440195,2.1377234531925655,1,0,0,0,M039,2.88,battery
184.9,1,21.296375296765063,33.553761207437994,0.9061007011835734,17,1.0226906714582742,0.49634815754079564,488.48321855223656,0.06884608367646539,14.86259600461719,1163.0694401717276,1175.9452222166774,1185.2589039329255,1214.3070945292084,3.8952997699453427,2.841451977784043,1,0,0,0,M039,2.88,battery
185.0,1,21.07662228692789,30.506809997605465,0.9060714942198879,15,1.2399482314126422,0.1438718360993099,518.2634464170973,0.147487398888913,15.111990095994019,1219.1312713709347,1176.4524184450725,1201.1207306183894,1187.0241607137455,2.9475979878621787,3.753835454452072,1,0,0,0,M039,2.88,battery
185.10000000000002,1,21.068069200420855,30.43586752164801,0.9060381752663949,16,0.9433631271458309,0.5973141604208397,510.80008324143364,0.1540910804403552,15.153483239254516,1183.9338404408068,1158.591930123284,1210.0338605606544,1165.84762513334,4.9635680378999485,2.133929435515972,1,0,0,0,M039,2.88,battery
185.20000000000002,1,21.38830433626648,31.581408457732856,0.9059973625988891,16,0.9238536508339298,0.971528771248539,534.5523426972308,0.07729020427926106,15.28770006565404,1169.6692524762038,1180.4769771438357,1179.3372754251454,1186.905315331286,1.7361187879189885,4.523975767207062,1,0,0,0,M039,2.88,battery
185.3,1,21.146675445039655,34.45497531494931,0.9059657139933266,15,1.0353205117025897,0.7259953329395796,486.48061767116826,0.028413778609420272,15.552301179397423,1195.8373637231423,1174.2005054466547,1188.0480227383623,1197.7754141789828,2.519953000246652,1.8618041894803827,1,0,0,0,M039,2.88,battery
185.4,1,21.041466203825983,36.16176683865472,0.9059330864807571,16,0.9657823337458712,0.6265686590548846,489.3471275532554,0.043974917267228505,15.825579669089366,1179.5462565484045,1156.1306782603494,1259.579286144699,1165.6981891594191,5.1245747409086455,5.380037192136287,1,0,0,0,M039,2.88,battery
185.5,1,21.31842372970394,32.563279349360066,0.9059034160951066,15,1.066447684869021,1.1249794949812624,502.2951313575459,0.21781658142619734,16.077761847960208,1161.0989077108795,1185.0305932393442,1220.2103751310449,1237.959648131524,4.680894349449666,2.133568084961475,1,0,0,0,M039,2.88,battery
185.60000000000002,1,21.22182556959366,31.14270644274991,0.9058735426896257,16,0.9395164900105842,1.2716565658636056,510.245716278211,0.12795288340867916,16.030053831555843,1215.0505641259945,1184.6380093235734,1201.4998792884094,1177.9360303593526,2.114437300223142,4.701927896626188,1,0,0,0,M039,2.88,battery
185.70000000000002,1,21.014795876892492,30.33781606531719,0.905839136061699,15,1.134645176381406,0.2646309018747892,502.817436967694,0.021335819184880492,15.758470162692571,1218.9599831341764,1214.4518569017753,1217.5725519328646,1197.6988377462023,0.16923598106006418,7.905226946037523,1,0,0,0,M039,2.88,battery
185.8,1,21.185985335632193,29.70439813646412,0.9058089777950495,16,1.0634918551618466,0.7926058681814303,492.6792391172315,0.23094732596197579,15.883988097172116,1176.2078829536285,1182.5333870783384,1231.6090613662334,1238.986966517979,0.6099229662707837,3.119701178972852,1,0,0,0,M039,2.88,battery
185.9,1,20.981648127342275,28.483707344545557,0.9057899485931928,15,1.1358203498065458,0.31820627975280946,488.5570578406758,0.071959738193544,16.234887859103495,1183.5790787407238,1165.857041729823,1227.2233584340763,1190.0995004308033,0.5498253763970424,3.6195971066595813,1,0,0,0,M039,2.88,battery
186.0,1,20.845171037887503,39.33193128344715,0.9057549451438116,15,0.82934631899669,0.3933472023651273,492.99707962929097,0.09971800654616618,16.427917375491624,1181.2939168176483,1194.5682109007491,1168.0206528225763,1259.9859152629756,4.25454687312637,3.882659020485616,1,0,0,0,M039,2.88,battery
186.10000000000002,1,21.068461843275735,29.22537133665688,0.9057269051917862,16,1.0952279707894106,0.3513247657943733,496.06620481923926,0.1672819044792846,16.26533919478622,1210.4245166576736,1174.9635477687252,1226.4774629790825,1220.9790907507404,3.6706973902462074,3.8048502270079685,1,0,0,0,M039,2.88,battery
186.20000000000002,1,21.26655353364094,24.569067858418236,0.9056969995373416,17,1.0258918006558913,0.18235614968071553,507.0966831235321,0.18851051644425473,16.87995711040554,1240.5213088213409,1220.2986880680044,1200.2369647306757,1201.270506300869,3.6362794905901694,4.3367797092741505,1,0,0,0,M039,2.88,battery
186.3,1,21.158229571595008,26.07590056318655,0.9056739005646295,15,0.8842689571873594,0.2834436351522457,476.7910197021684,0.18872919467248167,16.508632287653747,1173.2714103362916,1234.3855333033835,1185.0404527801963,1193.8074444776216,4.081183136809838,3.642897496786083,1,0,0,0,M039,2.88,battery
186.4,1,21.213360545574677,30.620716515343744,0.9056426014230019,16,0.9336324701443934,0.3662444254302692,508.4768687503745,0.11452376355152705,16.364274014408753,1217.9426005909918,1211.6938547362665,1169.8069130921062,1172.0699362234566,4.850942605961036,2.598101903072763,1,0,0,0,M039,2.88,battery
186.5,1,21.2123141937048,29.08257734590369,0.9056115733401354,17,1.0640339189075474,0.35398570620739706,509.45606270010285,0.07534277203992662,16.664291267631253,1178.7089294134828,1201.8349790018087,1213.4559154379103,1199.2936319063442,1.8980642512653594,4.3295922219605805,1,0,0,0,M039,2.88,battery
186.60000000000002,1,21.28247649909003,32.5219983068303,0.9055802492286739,17,0.8515855979212645,0.3304047997938886,519.4535018075743,0.12104905952097107,16.91927012178113,1185.9978163568087,1240.7701202657345,1223.9315695557482,1220.697393723512,5.222663194604332,1.9988677115349547,1,0,0,0,M039,2.88,battery
186.70000000000002,1,20.926417910623986,34.133018930960844,0.9055448547958662,15,1.141370039472846,2.6010596365707803,481.6389864762153,0.09199129268718312,17.9213311010356,1191.7109911804782,1226.7101797955554,1215.613644459186,1212.1565257188606,8.110574241448063,2.0504941393438156,1,0,0,0,M039,2.88,battery
186.8,1,20.94086072586876,38.16711661520848,0.9055088029376557,16,0.8465803800560028,0.7285822985302173,515.3486575576324,0.1652510568691259,17.778637696576954,1148.7211509977474,1200.6117003013856,1187.3633647482868,1211.356490177603,4.064152625214972,3.1140617594905167,1,0,0,0,M039,2.88,battery
186.9,1,20.956386050072357,27.789674658194585,0.905474924367325,15,0.8684651068497456,0.33837081356049414,507.7014659516603,0.09013723338854196,17.459163918773708,1220.0445985254141,1189.312367694965,1189.6610722314167,1194.1883411161286,4.320705613331459,5.868765313314981,1,0,0,0,M039,2.88,battery
187.0,1,21.120520643089357,31.376885207692162,0.9054437932012583,17,0.9938153875507754,0.4721269034981011,487.1602942083691,0.13457377000943535,17.58748792608086,1205.812606332176,1192.7228810749766,1200.6101772709653,1195.31129170914,1.108317367731501,1.7609442193896627,1,0,0,0,M039,2.88,battery
187.10000000000002,1,20.802966463285586,38.668605065076974,0.9054104681790336,16,1.0512994171620567,1.0405567294796856,494.48977383796375,0.045762504623882,17.12969121671702,1206.9143814863955,1190.66196785623,1199.1261627946124,1257.9731441159586,5.231589108998579,3.0434057285125533,1,0,0,0,M039,2.88,battery
187.20000000000002,1,20.9605101867775,31.425930298506124,0.9053766846366784,17,0.8932273045828998,0.21524911617490908,491.1227699927233,0.1524216396727479,17.437672880977335,1223.413874600256,1175.7631012103593,1215.7119891323728,1170.9565047016235,3.5449757357398854,1.7959504821335128,1,0,0,0,M039,2.88,battery
187.3,1,21.048647536553396,29.266754055033466,0.9053557056702174,16,1.093454872756805,0.22700567929802623,501.83671321159454,0.1622136211359908,17.198228738790693,1181.7689791823714,1224.108823951838,1208.1077402071987,1223.3176116627346,1.2962684044697184,1.6437449533761936,1,0,0,0,M039,2.88,battery
187.4,1,21.034990231826118,39.98083032151425,0.9053249580479726,15,0.9557081882025528,0.2792390907230103,511.3021716972218,0.12493891973193949,17.124419459934938,1198.9174041082188,1246.4156018820386,1188.0649061891424,1235.1439955645108,7.148312889148672,2.1974051987256926,1,0,0,0,M039,2.88,battery
187.5,1,21.16714348915526,32.09790968319984,0.9052969663451131,15,1.0184288714553098,1.1205855249376846,492.57234043246166,0.09968239735895797,17.091908836126464,1173.419893353082,1187.769405604562,1176.8089815537494,1199.8992171335055,2.2498927594207645,4.158020832001884,1,0,0,0,M039,2.88,battery
187.60000000000002,1,20.914428885047663,32.81348220018313,0.9052612447829729,17,0.8595751505998158,0.43588382230441947,502.1820281246487,0.19972071394944313,17.109819253385577,1206.5917451453074,1146.8254864082344,1231.1455802678743,1192.259213894027,1.09233293285993,4.053187030802649,1,0,0,0,M039,2.88,battery
187.70000000000002,1,21.0923694700826,35.12549267702464,0.9052310251359168,15,0.8399288652931537,0.34541065968507567,507.40019018208443,0.209893354649535,17.232814516103964,1230.8793954568011,1175.3405688258852,1199.127836694775,1204.3294010495715,6.438867045893448,3.638811964939906,1,0,0,0,M039,2.88,battery
187.8,1,21.030881046225392,36.395473311070305,0.9051981868596517,17,0.9642141854241626,0.37989590467805723,486.5787209647385,0.06854859461225302,17.175863911910508,1188.8040873476316,1195.7479602001624,1212.544461213517,1191.2938846125185,0.9193699758385496,4.48089000607896,1,0,0,0,M039,2.88,battery
187.9,1,20.923252458837695,32.82384892643544,0.9051659342966557,16,0.817219535187488,0.4199551259186352,483.95031373960853,0.07701299189244684,17.494403740777145,1164.0184426841965,1183.2629407525721,1195.1912358942486,1161.5759576304113,2.818138852651628,4.56674310187635,1,0,0,0,M039,2.88,battery
188.0,1,21.08868979850808,33.97457164293285,0.9051376868847663,16,0.9371953620285978,0.9294714111775206,508.408971159487,0.12851583311346973,17.052040717041542,1218.3465048095238,1216.9483752734745,1211.9353669813174,1200.5779295231114,0.934829310827453,5.553538384479225,1,0,0,0,M039,2.88,battery
188.10000000000002,1,20.931967563033748,32.214038670806495,0.9051033565275901,15,0.9757947045343851,1.75656952044991,488.0500347443484,0.19521469389266977,17.183365020048267,1187.154811760063,1218.9876263979047,1171.919568637414,1196.3123388543852,4.128714635207354,3.2015939541747103,1,0,0,0,M039,2.88,battery
188.20000000000002,1,21.063377114841703,35.288462822709974,0.9050679836168696,17,0.9128602014995512,1.1535468815582168,510.26447626085036,0.12746006287948056,17.094545616414603,1186.6930500169883,1186.7222433994536,1159.682137477622,1223.7078155463837,2.4888577970928383,2.087212440669,1,0,0,0,M039,2.88,battery
188.3,1,21.129417024530063,34.81163454162442,0.9050296419169981,17,1.074514536961961,0.8638099986522787,468.47610386273595,0.07304807551375501,17.088247950688473,1203.5860988536494,1192.3704380655008,1164.1640428306803,1220.1663745946335,3.5570769800976656,1.7097737233784314,1,0,0,0,M039,2.88,battery
188.4,1,21.053019414536465,31.921134793099668,0.9049984847314166,17,0.9306717179230729,2.0573873369750046,527.0554291716036,0.12890661551948202,16.996157882933137,1238.6783608466324,1237.665617315574,1172.6661163862093,1164.1370117644512,2.6198073831452633,3.8730949102120498,1,0,0,0,M039,2.88,battery
188.5,1,20.928384660485698,27.72275721414784,0.9049616328569403,17,1.0787937686073807,2.089391477251514,529.9871934715225,0.0889227999409062,16.940500268940674,1173.2561094176808,1180.650466472963,1237.1134295409522,1218.0771492380825,1.9088441256112971,3.4253722287455965,1,0,0,0,M039,2.88,battery
188.60000000000002,1,20.73833856051516,35.25256310205709,0.9049315502244948,15,0.9076108090862478,0.4827560477448314,509.138661036043,0.054326500638554695,16.54767086485843,1193.3847542068443,1178.1269786528462,1202.1999441968624,1176.5445187491237,0.7329317584218726,4.4843253992599434,1,0,0,0,M039,2.88,battery
188.70000000000002,1,20.676569725270106,31.46434286805666,0.9048997505871841,17,0.9059086802766769,0.7978821825730075,479.87379294439,0.31621579182941706,16.284028720140032,1159.6809237759442,1184.170403905123,1194.898006897191,1205.8338712734965,4.189188607500929,3.0147731046949704,1,0,0,0,M039,2.88,battery
188.8,1,20.83671085655729,31.856418262725562,0.904870817965179,16,0.9996937522635078,0.16631379519313616,482.4787302936539,0.09430732205398701,16.87247456943155,1231.5628097981548,1192.6192192002482,1254.1219806875042,1210.1753450874585,5.517094507291638,4.947607013210285,1,0,0,0,M039,2.88,battery
188.9,1,20.80546460283289,34.76607115845683,0.9048401679876839,16,1.157083212253757,0.7367248502459359,503.887192311313,0.2694450444601362,17.332290060422004,1179.0662952177565,1181.1317690413068,1205.3864012973406,1207.493420354529,2.8445948496532205,2.8584721723009148,1,0,0,0,M039,2.88,battery
189.0,1,20.83318141036479,34.278368910834764,0.9048081937681558,15,0.9293592885611318,0.6087447706024947,494.7064370567667,0.05706389296389619,17.71103154718175,1230.1212153862816,1194.5089113940753,1256.950866906529,1201.3271453587959,1.8310161305027606,1.4206611654305221,1,0,0,0,M039,2.88,battery
189.10000000000002,1,20.88980565022376,35.78616193191204,0.9047712287884658,16,1.1632403429762967,0.854284404790975,509.10152642265933,0.10692771062613718,17.897222617751453,1240.685562098839,1205.066882622986,1169.1008888970782,1180.1240034384273,1.8010162944732406,3.7803527731632163,1,0,0,0,M039,2.88,battery
189.20000000000002,1,20.932014327486076,29.28908260412302,0.904742689024075,16,0.8497451226046916,0.7348049614291644,517.0114039876719,0.025743182323604702,18.139236657766094,1228.8766498586826,1170.8104670198497,1191.6411720062972,1203.727232279104,2.7170395602775117,3.611577626460448,1,0,0,0,M039,2.88,battery
189.3,1,21.036976096425363,35.37941063171276,0.9047167332407468,17,0.9081435242623592,0.3951692976281335,526.7819249427703,0.2603489799093678,17.96896582576954,1191.7288254193143,1177.1529821303648,1219.181495133498,1226.3863686770028,1.354374736091707,3.9507425414409165,1,0,0,0,M039,2.88,battery
189.4,1,20.928660806169628,28.87101091989615,0.9046898418183086,15,0.9088570304239247,0.35011644142432347,494.80835476541824,0.1602366062994739,17.920533859683104,1226.920719571349,1191.6984190298163,1191.6102009474093,1213.8125663580324,2.605024074528477,4.833031092844204,1,0,0,0,M039,2.88,battery
189.5,1,20.92740453150339,41.716088966666206,0.9046497918827069,17,1.0239928770908018,0.9635898351926744,522.2679515778899,0.19592685908518814,17.90711957145554,1210.8491860986826,1171.323473843439,1214.6645965064477,1189.1608421161252,5.63853365817335,2.981596696521681,1,0,0,0,M039,2.88,battery
189.60000000000002,1,20.724492461174783,34.23937762126633,0.9046163476473469,16,0.9466140003815515,0.08939365608586539,505.154786366902,0.02827720005543001,18.09561636455748,1212.199747938007,1168.7252895231543,1191.6286978347302,1115.9426894183528,3.281683807844628,3.5988064293010313,1,0,0,0,M039,2.88,battery
189.70000000000002,1,20.898922504672452,33.3807021076229,0.9045919409704778,16,1.1008185767003027,0.3771535704330339,470.7399222177424,0.16387200603485966,17.829351800923448,1207.5739489178475,1188.3302939858513,1235.5578077364703,1185.9699080708322,5.484249569441237,3.001347421412236,1,0,0,0,M039,2.88,battery
189.8,1,20.713729248288136,33.57770901967389,0.9045631726188388,17,0.935514027415778,1.7328515112828484,498.0164163173519,0.14801113959211729,17.898869653038602,1181.2852502782482,1244.1580677237935,1187.3111312986275,1158.5384675155688,0.7800532481663844,4.199089778024188,1,0,0,0,M039,2.88,battery
189.9,1,20.6448401697699,29.185441553411955,0.9045391712396372,15,1.0611055762567925,1.0757414352243315,497.22991596100326,0.07224549319156023,17.621769656012308,1215.114060390654,1186.9039800102148,1221.35429342858,1207.3362481345118,2.9296599830813026,1.3364972667794772,1,0,0,0,M039,2.88,battery
190.0,1,20.63665288461233,39.177035912890474,0.9045137726652102,17,0.8960974127760684,0.4970841237088556,481.8554294784424,0.16424257866166425,17.753349079800138,1211.3097696815116,1206.150179362626,1209.476861476531,1178.9931295702931,2.607972432328875,4.850420297302401,1,0,0,0,M039,2.88,battery
190.10000000000002,1,20.644109663579638,29.69013172427161,0.9044882122101611,16,0.9092211926999427,0.7036654559607463,454.95409324362015,0.12439526693603853,17.916909964038567,1172.744178114498,1211.9478288813996,1186.65044006503,1208.277446587091,4.827402840481195,0.7918648874939953,1,0,0,0,M039,2.88,battery
190.20000000000002,1,20.624888946637572,32.27946432559058,0.9044520647410743,16,1.0918363303038916,0.8156122749466488,514.8981360799502,0.07689178618895359,18.153761028116875,1173.51551302394,1210.9891966356258,1212.7445805129112,1188.029901848178,3.859291099770579,2.808691888971389,1,0,0,0,M039,2.88,battery
190.3,1,20.893339431407753,35.01074381431347,0.9044216405449661,16,0.873910536649269,0.38115154812935953,490.77443228214594,0.2638837749727742,18.28873011234548,1210.0649179113705,1202.6539024115143,1212.0210888711504,1202.8537754718525,4.056055164276855,4.205367137500237,1,0,0,0,M039,2.88,battery
190.4,1,20.73520025908858,33.467152434892554,0.9043896527399286,15,1.2387888796909226,0.8903839720097128,484.18260595512925,0.02490091687483486,18.5722789847372,1197.9972144060694,1160.3414632032252,1189.7058749136831,1212.9148130993233,4.342802969550746,4.296347904264156,1,0,0,0,M039,2.88,battery
190.5,1,20.65941108275812,37.0725331478281,0.9043573214904617,15,0.8685188016776038,0.8584572051036397,529.5335351438326,0.03326325803165543,18.393527591006052,1175.8458196770794,1206.3503939042585,1237.832149927852,1189.7002323027984,5.447892894878167,3.617947838442542,1,0,0,0,M039,2.88,battery
190.60000000000002,1,20.667559223598285,35.37438606882286,0.9043243297427693,15,0.8646491412306408,1.0813184455532088,522.3051108241101,0.1290799491040758,18.58762907332125,1235.6441662398001,1213.9094961048174,1207.1506521380566,1191.3264617329523,0.30346651111041567,1.2972461643721218,1,0,0,0,M039,2.88,battery
190.70000000000002,1,20.625629075816807,42.622623691994505,0.9042898345318833,17,0.9794862081127808,0.5831086975402298,522.7311629525567,0.08489716314530747,18.25434800263401,1177.479157837817,1178.6812430491111,1224.6623546738842,1122.6075371479,4.365713808938748,2.148789189570902,1,0,0,0,M039,2.88,battery
190.8,1,20.767625083740164,38.85997337466668,0.904250404145139,16,1.0894587500876574,0.45858986241264976,489.7541933285343,0.20745728354518966,18.265357430403775,1202.2502094079746,1181.0107813848429,1199.6866286788666,1199.7455037574598,2.2412280243630343,4.055971704660048,1,0,0,0,M039,2.88,battery
190.9,1,20.735878367752683,26.932515133570703,0.9042190443518623,16,0.964101487157361,0.9966236513628122,513.3319356230805,0.10995237880542334,17.764706108839427,1185.4998859369782,1193.1698028797332,1148.940323285278,1186.763783807683,2.9850143579187307,2.373230217779345,1,0,0,0,M039,2.88,battery
191.0,1,20.514574888003185,32.4666104234198,0.9041797124485715,16,0.9199508958277621,0.9523104771727106,518.9982032320037,0.02577991892158577,17.98061183341211,1214.714335667969,1206.7860874766168,1175.4676302382484,1241.187830053701,3.865239802155515,3.114393727285871,1,0,0,0,M039,2.88,battery
191.10000000000002,1,20.512333083996243,32.62504178712149,0.904148693518379,17,1.027843440113785,1.3613046199662449,473.1217466020361,0.05805379141988456,18.121828508167752,1181.6077192369646,1186.2070880190292,1197.246799081698,1214.9000770087582,1.5332692888577073,1.8338093768169808,1,0,0,0,M039,2.88,battery
191.20000000000002,1,20.475328196275996,40.30425602213817,0.9041111453348649,16,0.9640355172394931,0.16671530427771766,500.411298138383,0.009246952912820527,17.9036176290971,1213.4829885549939,1222.5257106551555,1187.5563893119502,1205.6365497200677,2.3555092626104344,4.429754112676475,1,0,0,0,M039,2.88,battery
191.3,1,20.381937190248568,30.983604609524264,0.9040831270019073,16,1.1195534440355295,0.44622322282668186,491.4809894649532,0.20031956685858449,17.224977506470058,1183.5995880695027,1211.3652485011226,1207.877957471171,1193.8090063359318,1.336072439988166,2.8239269545274115,1,0,0,0,M039,2.88,battery
191.4,1,20.527216193197184,25.532874781387548,0.904045276974884,16,1.0510175626177665,0.8341080528356138,475.56011419801035,0.16946561458719656,17.365554514791977,1188.9150136417816,1214.9026343603057,1221.0487611264705,1212.854960155166,1.602300620909368,3.2917848040198208,1,0,0,0,M039,2.88,battery
191.5,1,20.56878509504461,37.04942638063707,0.9040098977618215,15,0.9515242121080332,0.5326307286869966,462.21854481934025,0.08538116415695973,17.521900281115812,1210.7678889845872,1193.9260027441544,1225.4941165970222,1240.293429758727,2.8775804931630913,2.6237676263300584,1,0,0,0,M039,2.88,battery
191.60000000000002,1,20.50239023159859,37.89285215098439,0.903976139953978,17,0.82060305731498,0.233175136664153,507.0286900626866,0.14719414064123304,17.244899470668038,1137.0262298180187,1186.7683102487474,1230.4695128969197,1193.5472470968969,4.886437561933456,5.279115905697367,1,0,0,0,M039,2.88,battery
191.70000000000002,1,20.591516732511398,29.213097867419798,0.903950948342432,17,0.9455122868644515,1.0688525521255767,499.0191413128486,0.1135230082033061,17.055126024592393,1233.1497718454941,1144.955852137616,1236.8248272257497,1220.6401092454914,1.3942350583853858,4.301438697549104,1,0,0,0,M039,2.88,battery
191.8,1,20.30219312357286,35.22290831245785,0.9039148552727985,15,0.9079695261248005,2.1736243359433622,503.4075551800287,0.08357799110282009,16.51807198077497,1207.5113365142076,1211.8395575785216,1195.2261387417464,1210.3465514458082,7.295818985870395,2.5061283279130206,1,0,0,0,M039,2.88,battery
191.9,1,20.54600016585494,37.20574748307439,0.9038806896366722,17,0.8522730388524629,0.4697828900134702,486.7135685841151,0.11012677827109846,15.988322032234038,1209.189251737545,1223.482053741485,1212.4053471381644,1233.4195058285575,2.1563988961333607,3.216710584881853,1,0,0,0,M039,2.88,battery
192.0,1,20.58834739916279,41.47252244929405,0.9038485169298541,17,1.224658541596556,0.9279979584960554,525.5810570043998,0.17052503386661944,15.97993063581227,1212.0176842454182,1228.3158784896073,1211.8393067398097,1189.2818904301487,3.268444295200243,3.765451867025626,1,0,0,0,M039,2.88,battery
192.10000000000002,1,20.70128318615241,35.22136101588849,0.903821239818053,16,0.9121975063706451,0.7349136684501179,484.07682104858475,0.21567570745748207,15.973413275085422,1163.1151358247887,1199.280186833739,1213.2780601465322,1199.9522490453069,2.158635260654963,2.3222043206804974,1,0,0,0,M039,2.88,battery
192.20000000000002,1,20.623573686081208,31.599827025915438,0.9037960883694804,17,0.9633999126951597,0.3361781121097401,475.39373486711486,0.0345218183861484,15.821833356678685,1219.8895216183146,1177.629449728084,1220.753124713338,1214.8904919069128,4.5877219367025,2.550952154932306,1,0,0,0,M039,2.88,battery
192.3,1,20.6083029117116,32.949454785710884,0.903764140855333,15,0.9447947813110901,0.6402306317262263,475.1584919142631,0.02235068796281829,15.944939347604903,1208.6943107388179,1188.5871897316563,1175.9044904936902,1217.2133345641564,2.5013575582668413,3.8860497621587777,1,0,0,0,M039,2.88,battery
192.4,1,20.431390047010773,38.71368598007142,0.9037221467757506,15,1.1312849241296374,0.7393676935215892,483.00388545680323,0.09389463995559597,16.21888655132606,1171.661391893592,1208.7059426052567,1197.9695480972746,1216.109646938632,0.9762220316349713,3.231968047102965,1,0,0,0,M039,2.88,battery
192.5,1,20.619778555616016,35.498993670602346,0.9036934163324328,16,0.8541757757356466,0.7689252220418168,491.5511730454247,0.09903405568552999,15.53101429586009,1167.0830978532772,1223.9698024149864,1203.5633047980461,1212.4222744283234,10.570945522684806,1.644950934170878,1,0,0,0,M039,2.88,battery
192.60000000000002,1,20.553566843270364,31.773159941419905,0.903666863861276,16,0.9390408639765089,0.8867431471382764,488.01647196545906,0.12684026732744322,15.523789693728668,1229.9555363624318,1203.660832733545,1168.5358672430284,1220.3007871733175,2.2161329416568245,1.2163581293371222,1,0,0,0,M039,2.88,battery
192.70000000000002,1,20.232863364344876,46.64526319492634,0.9036305961343003,16,0.9205747675270072,1.0105316398675535,515.5845145481127,0.10887839988796505,14.986185006083735,1184.4537835835124,1201.9158331347987,1205.8304531011117,1184.9770624264531,7.9988035683955525,6.241735230027567,1,0,0,0,M039,2.88,battery
192.8,1,20.461165074517524,43.114989324203506,0.9035963993740527,17,0.9344487912742085,0.30128458504474487,476.6868014846465,0.010698154364038679,14.687784259480763,1221.918583445359,1215.4724247573229,1205.7443457617455,1215.662008511124,5.079460793540899,4.727842356425112,1,0,0,0,M039,2.88,battery
192.9,1,20.499631261551155,35.773175748439975,0.9035643689186549,16,1.2281618205179927,0.6744861317929225,506.21724852066114,0.09189277797884876,15.18866125520352,1180.409855867541,1166.5572931309275,1193.306182351915,1238.4018139868258,2.4876348522108196,3.8892656880380994,1,0,0,0,M039,2.88,battery
193.0,1,20.320557470470987,35.021702593474245,0.9035266009238447,17,0.9883964235848041,0.7043592363160535,497.38654053916065,0.06726488797597338,15.143614626971722,1203.8889259750595,1217.7598999654736,1175.914589616037,1212.4914499130555,2.907305031136254,3.8259530659128167,1,0,0,0,M039,2.88,battery
193.10000000000002,1,20.547151983363584,27.947596652075443,0.9034991559436154,16,0.9685997362030341,0.2985984054841978,498.79615668182873,0.10989155333298585,14.923314543543524,1217.1160582086625,1193.9406631627996,1188.3094850112082,1190.1505727202145,0.5573870852736664,4.753546562771174,1,0,0,0,M039,2.88,battery
193.20000000000002,1,20.35361384445319,33.78855957857653,0.903464810430028,17,1.1164680152885007,0.15727485329963525,497.840220524793,0.2107650888909895,15.145713711384383,1206.0682385928526,1228.5356300926273,1208.9108667632636,1202.3609469186695,0.3161065718105445,2.9525665495021807,1,0,0,0,M039,2.88,battery
193.3,1,20.348541018102296,39.67537768142893,0.903424535543788,17,0.9866892005535945,0.849868392479592,524.5347303046764,0.017105047130884628,15.463531498129225,1191.0368025911785,1237.9593740287983,1201.494327283223,1153.3976142612025,4.626035820579431,2.825548625850125,1,0,0,0,M039,2.88,battery
193.4,1,20.15475293222965,34.95512232238319,0.9033969483272163,17,0.8970142224858177,1.0724977264426965,515.3053440228982,0.06549794297818742,15.520574206438294,1211.2971782366687,1241.7694941995092,1209.2810985393335,1199.1131602941969,3.2760619831165076,4.209991022088821,1,0,0,0,M039,2.88,battery
193.5,1,20.416368721036843,36.7703488322173,0.9033667923181269,16,1.107055941218796,1.0058668132628328,513.76980493123,0.13584571319016803,15.081914830886177,1201.369670045663,1183.100464700345,1205.826767019003,1171.026929214434,5.412888793092775,3.2130994481249555,1,0,0,0,M039,2.88,battery
193.60000000000002,1,19.94209830888317,37.8988972642255,0.903340092562474,15,0.9763168309256035,1.1117521024215862,490.15745551951443,0.2416008031559331,15.13364268102937,1166.6106823514408,1195.9161013147034,1163.061335170061,1187.08732917584,1.4186864402582502,1.7527382248031658,1,0,0,0,M039,2.88,battery
193.70000000000002,1,20.296856234137366,28.654666827244643,0.9033091422624404,16,1.1673769089036774,0.19505575786424706,488.27604794003423,0.1498828844429757,15.254124060666097,1221.8628684750518,1205.046790871275,1219.4656592161286,1196.5835592043063,2.8344653169220764,3.065589836408045,1,0,0,0,M039,2.88,battery
193.8,1,20.051351301904536,35.16160389156789,0.9032771552620273,17,0.8501713965500614,0.8096598831003559,468.68104532567753,0.05470525532482643,15.842891610457805,1183.7705123975759,1211.0567243111518,1189.8469205903393,1171.8037133100604,3.266353801061114,2.1334033840940823,1,0,0,0,M039,2.88,battery
193.9,1,20.351140381680274,36.365751930527246,0.9032466554377373,15,1.1321040297618152,0.779017294772541,511.4028632929107,0.13913464725644992,16.05533191825073,1224.121440779215,1178.986525577879,1193.6165414367072,1218.307939829261,1.7002269097768268,2.7261779407331677,1,0,0,0,M039,2.88,battery
194.0,1,20.412957933933516,30.084138188845895,0.9032183541006378,15,0.8556195951373776,0.7489798860302644,508.71144731476045,0.1522037643555446,15.80752571080036,1178.0161693474206,1203.0499724836727,1208.638248759955,1157.831122450885,1.0527757517925111,2.1507796164062256,1,0,0,0,M039,2.88,battery
194.10000000000002,1,20.275428139596663,37.684436653622214,0.9031914814504337,16,1.0082243942586004,0.8411728026882652,490.6999672193793,0.1618810910991616,16.00954170493016,1153.8077616993228,1238.581324523487,1167.7252252280302,1192.0849569239736,1.8697341656561,2.9694399133685927,1,0,0,0,M039,2.88,battery
194.20000000000002,1,20.14231838084914,37.9913162310095,0.9031609728916801,17,0.941585338324206,1.4537230901566924,499.72113546773716,0.0547471258636318,16.331989746491594,1223.599135850064,1228.8957149543726,1174.944463428538,1184.7181906998655,2.3566716748562735,3.0074873565042317,1,0,0,0,M039,2.88,battery
194.3,1,20.38202210711772,37.551021547095985,0.9031268544443946,16,0.9535992171850847,0.3712253170589169,490.3814700228472,0.04518717858948797,16.214710582144782,1178.0517156003925,1180.508683296043,1248.245151795788,1213.2830667672993,0.8470811547324947,2.733417466308424,1,0,0,0,M039,2.88,battery
194.4,1,20.143676054794447,38.00398711263862,0.9030883545790596,17,0.9792070046992283,0.10079106184220116,521.0504365378166,0.1864972635865525,16.152686194894706,1196.522135331889,1217.1026226133413,1182.2778656473267,1214.4333648266154,1.0033834689482035,1.933283015121504,1,0,0,0,M039,2.88,battery
194.5,1,20.300960562616332,32.01888015687313,0.9030534965857459,16,0.9172164378309733,1.5182678681030652,501.7340537043606,0.03008640154739854,16.348882020371416,1184.1663825735402,1248.761700870898,1189.3639365368044,1190.3571313320779,3.7821639524240744,3.425638816946602,1,0,0,0,M039,2.88,battery
194.60000000000002,1,20.201644512756687,37.791287346095665,0.9030193747816416,16,1.1533096758417973,1.0406763079105663,503.0493361314003,0.09746118913581078,16.311651355885363,1195.4024673193765,1198.7179865336177,1189.1912173210267,1183.7094714254506,2.746406180229444,5.5156909840578034,1,0,0,0,M039,2.88,battery
194.70000000000002,1,20.484241186291946,41.16150087925008,0.9029809243594211,17,1.0541005731018422,0.373812084443733,482.71225372885976,0.15635321592661056,16.361628344798152,1178.3902090714334,1175.7319640187106,1229.1373166653968,1208.751365172082,4.493387826867843,3.47690889430927,1,0,0,0,M039,2.88,battery
194.8,1,20.32905356090248,34.342411042887996,0.9029544727072853,17,0.88025864601259,0.759998803818841,494.33465461660273,0.0889987821907898,16.284452289259736,1183.8489825004265,1208.4085776680204,1178.4928417714932,1171.4115472549147,2.0509476648213374,4.926566180468184,1,0,0,0,M039,2.88,battery
194.9,1,20.153610429993073,34.7706109466117,0.9029196932828709,15,0.9438191896570577,0.1022310157225396,498.0632719055137,0.05158795754854672,16.20839081652456,1158.987115788314,1242.7300037752389,1228.7495996926737,1205.3494510903788,2.220669335554817,5.403664019105276,1,0,0,0,M039,2.88,battery
195.0,1,20.17666813874576,33.76945876484298,0.9028978025235551,15,1.1414943507836248,1.122924971444691,498.4473785207816,0.06811959546122297,15.670763805119211,1212.1899825367989,1175.712444637299,1242.2381825541495,1173.7874336506723,3.149660825935187,1.8264346697139138,1,0,0,0,M039,2.88,battery
195.10000000000002,1,20.281126302697245,31.22486139912815,0.9028716166559404,16,1.0842048883144997,0.43906241325181933,488.25708283468373,0.13859558706897257,15.180486662571012,1213.1273342678337,1249.0570443540885,1211.8215531193628,1208.631300937674,3.04058209761536,2.5375865612250816,1,0,0,0,M039,2.88,battery
195.20000000000002,1,20.026141984284138,34.056336353892135,0.9028394135128746,16,0.8682717611742269,1.214972233189525,502.88282725179187,0.0700305795760621,15.284742062163453,1201.3549365009478,1230.512437565039,1142.0070061068682,1236.0285342007692,0.8203019253288903,3.552883437488219,1,0,0,0,M039,2.88,battery
195.3,1,20.272920387029075,35.52063501012018,0.9028146613965407,17,1.0679905745252753,0.2729615529387914,514.8231304389603,0.20443914428313442,15.431207173863172,1225.7206862343783,1242.3007076085146,1182.004134535776,1204.8131382029942,0.6498814026506253,3.4429939987610974,1,0,0,0,M039,2.88,battery
195.4,1,20.035324884159202,43.3506986655304,0.9027794349893608,15,1.160180348983066,1.7030509336502966,523.6511157952107,0.30808352305028686,15.210354503453997,1182.719960114655,1191.2664578378767,1208.7950788371813,1232.3087857208166,2.445918190060964,2.512474774891232,1,0,0,0,M039,2.88,battery
195.5,1,20.21325050484676,36.41737856762741,0.9027500883078379,15,0.9372384325506926,0.37627098351694077,478.756066197465,0.030893002267162697,15.013102215561661,1212.0638983060082,1230.950259125774,1181.6641867175379,1205.2969005415187,3.6813993581130235,3.424515780379697,1,0,0,0,M039,2.88,battery
195.60000000000002,1,20.163993477434452,34.66426499982158,0.9027082408136025,17,0.9966777937968085,0.835331409214011,502.1125528783348,0.23777215114468925,14.984588803716122,1211.63582114722,1209.9175514654362,1217.382593792933,1217.531985099307,0.7155643061028822,3.033980274606101,1,0,0,0,M039,2.88,battery
195.70000000000002,1,20.154886598278022,35.27298643065043,0.9026786639357264,17,0.9666530099269591,0.6821621749250835,507.4206120565796,0.10042188713465793,15.426009354091368,1179.8826003875565,1195.495412717322,1211.0177488528843,1233.7391093314723,3.141060440636148,3.3012585313255984,1,0,0,0,M039,2.88,battery
195.8,1,20.11822754711741,35.26578878640565,0.902644872564246,15,0.9213674578882055,0.5848635363849917,505.24114672566213,0.060164411194889106,15.734320948487962,1237.2893787853798,1209.8117420554097,1197.2286455467631,1166.3580463201497,2.119323759140293,3.0086601970530396,1,0,0,0,M039,2.88,battery
195.9,1,20.087020455248187,37.878365128979134,0.902621140112302,16,1.060118433276956,0.8733098441405186,511.31268671896464,0.016085226484625535,15.96940978953232,1181.475498854778,1186.3499669058763,1189.2399407551547,1164.3305300931386,2.4058502696095516,3.483779565252082,1,0,0,0,M039,2.88,battery
196.0,1,19.808758856020738,37.41992926487181,0.9025809328222878,17,0.9295300349709252,0.5312005603858282,471.18631913788283,0.17732157458817022,15.546304662097928,1170.4195257416175,1243.7855672463184,1209.6639086404878,1207.5032093976508,2.321990089905242,5.1028811286887175,1,0,0,0,M039,2.88,battery
196.10000000000002,1,19.76250513599452,33.36088087930713,0.9025523999141415,17,0.814703700639999,0.8874433614951645,526.5474066730031,0.19896737888769472,16.183118167536264,1196.6206433534844,1192.3372542641462,1167.9021748630412,1208.7102278849543,2.329892422338307,2.07458211465003,1,0,0,0,M039,2.88,battery
196.20000000000002,1,19.986180418809106,36.17068659687017,0.90252218123861,15,1.1151105059972775,0.9217351632649309,514.0099984390811,0.15733852923522634,16.388102073493712,1216.1498644775713,1168.5353668071862,1192.4420229525076,1202.2786786584056,2.6083311673032825,3.159976173522527,1,0,0,0,M039,2.88,battery
196.3,1,20.079412594414165,34.41515122567181,0.9024926740618963,15,1.325025021349916,1.4913287905953403,494.7060457444519,0.12947188989987338,16.255909889122584,1148.8787515189242,1220.8800388746981,1163.1538505015487,1186.3228958263846,0.8222858222058049,4.4464895372108035,1,0,0,0,M039,2.88,battery
196.4,1,19.62014797297124,36.62775902313414,0.9024585801444179,16,0.8777185439351854,0.7578028886747951,477.6245207476759,0.14221496887398677,16.5044414220127,1184.3088880111093,1176.8176289749483,1263.4708556526068,1205.9925920618464,0.720107789461947,4.754342861514431,1,0,0,0,M039,2.88,battery
196.5,1,20.088467173684993,34.27226141051868,0.9024294822456163,15,1.0621836336728538,0.5483937703798781,520.4227784701555,0.28045724650969595,16.578600900182856,1179.503655393113,1195.628097681318,1221.452540752136,1192.515324294488,8.697268583683405,3.2134844782641916,1,0,0,0,M039,2.88,battery
196.60000000000002,1,20.15035546517313,29.705544492676253,0.9024020431253562,15,0.9463712591185323,1.5192673374842038,476.78974164382623,0.19321585022273943,16.74909463037729,1231.0274037672218,1210.0299461440331,1163.5789428517342,1199.3626330943378,0.9614802833297177,2.727931590033817,1,0,0,0,M039,2.88,battery
196.70000000000002,1,20.093545520842373,38.12216939658879,0.902381401641432,17,1.1325279108446487,0.7142530572001233,500.87119294091605,0.11336262162269281,16.46445914559703,1188.0076945769329,1222.6496912629627,1234.696696395226,1169.1766146496427,5.669268125347956,3.911037184570139,1,0,0,0,M039,2.88,battery
196.8,1,19.889656140385725,35.914247177235666,0.9023463552056298,17,0.9306588953802301,0.21947357997550834,500.9571619858583,0.19952996274348897,16.487618417565262,1206.0271845286395,1236.8126778368103,1194.9804938049053,1174.7351360305117,3.9668654314997935,2.3437364005585124,1,0,0,0,M039,2.88,battery
196.9,1,20.06169469992632,34.53080207569685,0.9023176406868413,17,1.1601306886643008,0.8640072147219532,491.1195115564971,0.12098364692481889,16.631013480344112,1208.2622699404878,1165.3347134406035,1189.2410946816065,1210.530850828509,0.7392318776321172,1.9312771369144839,1,0,0,0,M039,2.88,battery
197.0,1,19.8509183073918,39.45341238989502,0.9022816300389945,16,0.9774896108424076,0.7115238651582954,499.9839892593453,0.05416875262739821,16.464957228456,1206.575463707689,1202.6180043354927,1222.2981661054314,1195.1202489893733,1.3646224533461018,4.011452944878717,1,0,0,0,M039,2.88,battery
197.10000000000002,1,19.747595357673745,35.29448287046021,0.9022458661197278,15,0.9340930292881181,1.1075501753766657,520.0667062192759,0.3068679578553474,16.37875449195544,1218.5959062056934,1175.6010481259204,1209.6240070827535,1160.6778470367362,1.529424958156524,3.508853993717559,1,0,0,0,M039,2.88,battery
197.20000000000002,1,19.957968104158365,42.353987277639234,0.9022092874787919,16,0.9821105269218333,0.2307257731616415,498.9941374404407,0.09259066678576817,16.50033659373476,1170.8695361233765,1198.0685123151547,1230.9206135613822,1172.2465686066164,4.2837060901356185,2.862460877205968,1,0,0,0,M039,2.88,battery
197.3,1,19.896202350337497,35.15149685378981,0.9021801041782397,15,0.8383807579269604,0.46931988711042183,515.2705142616276,0.1613879895269365,15.764644631599557,1175.6131212370897,1190.0380526090796,1198.3544333815935,1192.2734634683404,2.080644592654505,3.60988439108396,1,0,0,0,M039,2.88,battery
197.4,1,19.982152719598766,42.394716177237484,0.9021470485546247,16,1.0380986427047998,1.3074347835428899,505.1494457472049,0.08317533744841327,15.73246132387974,1210.3898408708706,1178.066440938381,1187.7717109443827,1201.854315607775,6.864674903071239,3.91087938759392,1,0,0,0,M039,2.88,battery
197.5,1,19.886167243610583,35.098126417208334,0.902122723384746,17,1.072391358615449,1.0371365642611459,496.217418009523,0.19651238699406387,15.563645710784064,1197.3305403392164,1231.9420356996825,1152.983185086168,1189.215510748846,5.383811641930739,1.1734120481316883,1,0,0,0,M039,2.88,battery
197.60000000000002,1,20.017033727209057,36.68680126940175,0.9020903004251343,15,1.051459994170792,0.6281040312483173,475.2733977102282,0.07962627118825,16.091718428228397,1242.1061283885456,1226.112569197427,1203.3658000895957,1180.9942969250178,5.009148082273606,2.5117998881381935,1,0,0,0,M039,2.88,battery
197.70000000000002,1,19.84711366503075,43.8682092457437,0.9020602310928487,17,0.9958398379245851,0.493533939065389,488.58987475617965,0.1728323393916038,16.352178980538564,1191.6513254122353,1215.291480948346,1185.5828343838743,1201.177826691026,1.1141140686408477,2.424104541891669,1,0,0,0,M039,2.88,battery
197.8,1,19.771711737956437,37.07049643768843,0.9020262001891142,16,0.9036299726115329,0.44490463759376686,513.2803317397212,0.06993102588033132,16.330334153945135,1181.373380227646,1184.0068396336503,1219.2092537197877,1242.2938831319436,1.3435963982827797,3.1130535538998427,1,0,0,0,M039,2.88,battery
197.9,1,20.166239549296478,43.79867867363731,0.901998391129089,16,0.9190615563144979,0.9689270127739651,523.3861020107748,0.07882581845212203,16.225486436740503,1146.8311271154912,1213.7245903034238,1209.6289381719698,1270.2736031865816,0.7271399368911929,3.912117509261448,1,0,0,0,M039,2.88,battery
198.0,1,19.805921956049637,33.58857086801199,0.9019688159194627,17,0.8626155872921317,0.39452972664293473,485.4137220557805,0.2060702237463127,15.973557342798905,1203.4422965407994,1244.671689688293,1175.039729898419,1204.0897486607923,4.810805647478333,4.7586765479497135,1,0,0,0,M039,2.88,battery
198.10000000000002,1,19.662267340831427,31.96098828066999,0.9019385585163573,17,0.8922590650785711,0.7236603495406234,513.2590931804457,0.16918027710987926,16.484078824466057,1160.3060187590784,1188.1532884833407,1211.484564649468,1193.9783682737866,6.349309665906009,3.504117836314453,1,0,0,0,M039,2.88,battery
198.20000000000002,1,19.59890520977408,40.420491444863565,0.9019038679618857,15,0.8921020244015775,0.701701431391996,518.1361636494078,0.2489904585804798,16.404865441482936,1169.8322030881698,1231.5582602722393,1186.8869814915586,1202.7128227052942,0.9487174908958218,2.7188632971645945,1,0,0,0,M039,2.88,battery
198.3,1,19.699214713888477,36.299444815838875,0.9018701860256114,16,0.9212186902211578,0.6308622392831036,495.95885010591894,0.1504051191350988,16.7801656152853,1210.1784647141878,1181.7661919688535,1207.476709435573,1199.0151083465066,1.3792222621579135,3.7867744473640768,1,0,0,0,M039,2.88,battery
198.4,1,19.988069500680027,40.607791901004745,0.9018349158893076,15,0.9702794412990416,0.6433781722048907,503.42216656285547,0.17189928543807223,16.35202321511911,1157.3562457985845,1212.2334185603568,1204.7939522132888,1219.0932766657575,3.59963411670474,2.553555596708903,1,0,0,0,M039,2.88,battery
198.5,1,19.716091025110607,38.096130161070846,0.9018064425988129,16,1.0061727822386606,0.611085035892335,538.108487187393,0.06019713191646231,16.66513573795956,1209.1846457698675,1251.7552117180048,1195.4856398205209,1142.6714985521073,9.482389478742304,4.835837695013527,1,0,0,0,M039,2.88,battery
198.60000000000002,1,19.911983913192017,32.461350148526435,0.9017738268287706,17,0.9812678397638958,1.3250853476112265,512.3847898082915,0.03165105429504991,16.613282483953192,1200.18519381533,1204.2412848646425,1162.1307862995652,1181.2389129306987,2.5209709583180726,6.614220424162989,1,0,0,0,M039,2.88,battery
198.70000000000002,1,19.38077228804967,35.97776083433618,0.9017411095162737,15,1.0995725490638988,0.9764677810259271,474.1622665698202,0.1822002805593001,16.348319965354396,1153.9724330873587,1222.484504573909,1180.5489557631076,1199.1904024848513,5.468514044542186,4.195058465512881,1,0,0,0,M039,2.88,battery
198.8,1,19.964016058777045,31.38949135814644,0.9017163985668527,16,1.1617480816023762,0.6157788542050286,504.0633226925772,0.039104583955475204,15.982454139757166,1206.1627738801058,1205.6034726190112,1182.2564158202933,1200.4489044101254,2.5076163792716137,5.297858468656477,1,0,0,0,M039,2.88,battery
198.9,1,19.63539941224291,33.705964723807966,0.9016840963654262,17,1.064846361550847,0.3655761206653749,473.5589811595602,0.17073014812411377,16.174700169165515,1198.0621349157607,1200.2233396548877,1204.7803359204029,1209.8537163279987,2.195258556418118,2.229760672629661,1,0,0,0,M039,2.88,battery
199.0,1,19.839831454775833,38.06115767482528,0.901654760411112,15,1.0703184526260872,0.45155771554070356,520.2603871550974,0.1276877921830643,15.975526430605875,1164.833888459872,1187.580656724805,1209.2535841036174,1231.6421454472472,3.8432036448000773,6.390720824697851,1,0,0,0,M039,2.88,battery
199.10000000000002,1,19.769600379595836,39.34852452985811,0.9016213720572891,17,1.3855266382234088,1.263696672979685,489.47737402472245,0.12048983735782734,16.192050218775567,1227.9440467678703,1191.2044555076873,1233.0681692736753,1210.689149319595,3.289639327371033,3.194743860326234,1,0,0,0,M039,2.88,battery
199.20000000000002,1,19.58921653553793,39.14788534736604,0.901591908359595,17,0.9362842991350133,0.9603999738152548,482.22516132086207,0.07571937434521171,16.55895154429493,1161.0825167193009,1123.6021968088214,1171.707454696976,1164.8924617415905,2.942699121390639,4.127722818749182,1,0,0,0,M039,2.88,battery
199.3,1,19.611881371394535,29.823432505361964,0.9015638855604331,16,1.1042921417660065,0.49120716549397125,503.30749575458367,0.09887373443798131,16.353867987537832,1195.5685855376935,1213.4425599700821,1200.4234073224866,1153.129466165964,2.4870071272174945,3.3153749779729864,1,0,0,0,M039,2.88,battery
199.4,1,19.767682749711916,37.44204556862438,0.9015363476234836,17,1.0033425597514316,0.685869262312201,520.8875654751396,0.14423106622780177,16.63012113703702,1202.260381768489,1191.3827105597313,1227.542687313052,1186.555648840424,4.8820701395165145,2.7747958589071313,1,0,0,0,M039,2.88,battery
199.5,1,19.633136147403118,34.982248946012476,0.9015153580726589,16,1.04984509703679,0.3678335423227891,504.34288507439044,0.15341823596312082,16.658569796609818,1197.2875328486207,1245.0554318675765,1181.0370313052904,1195.2765822849847,0.6174401061331742,3.5723790394832373,1,0,0,0,M039,2.88,battery
199.60000000000002,1,19.688153558263586,32.36158044217479,0.9014887701442339,17,0.8226224533325297,0.15757891645425434,534.5293331419448,0.08896701531311967,16.282526010362048,1225.7325507412668,1179.7385535403691,1210.9860589111622,1225.106210472018,3.2299712457573433,3.0746005449122493,1,0,0,0,M039,2.88,battery
199.70000000000002,1,19.552176336706093,40.41913303618955,0.9014499413203282,16,0.911958149776636,1.263479961268973,486.0432352063879,0.1831103405702991,16.22795953854127,1258.3323482705373,1199.2883758933756,1214.524060863726,1206.4211572434087,1.1364088952833646,4.562362765952814,1,0,0,0,M039,2.88,battery
199.8,1,19.419067645040226,44.43357622335006,0.9014113379631032,16,1.271286396212848,0.9463710377385841,510.6104780230997,0.17431678437383408,16.507486465955665,1177.133840858586,1200.7641442694346,1155.0396975768679,1189.4921203407723,4.189674976626295,2.291123585139312,1,0,0,0,M039,2.88,battery
199.9,1,19.571509202750644,39.08504453641701,0.9013800957835943,15,1.0131104314760417,0.4601720517486011,509.35237345576934,0.05040741292637531,16.40122382488797,1254.7325743471754,1183.4577585205245,1211.1750716840497,1199.857157183849,1.8526810379781464,1.8169384263609547,1,0,0,0,M039,2.88,battery
200.0,1,19.385466333150255,41.19850335982364,0.901347347854095,16,0.9729900407311067,1.119745472764991,485.3941784921918,0.17787019390124925,16.39911089871092,1157.7389988856935,1189.5671138752055,1201.5509360411413,1229.4894923241964,1.4351539898388457,1.5964906741357257,1,0,0,0,M039,2.88,battery
200.10000000000002,1,19.705217377418016,41.32629702745295,0.9013196436803251,15,0.9046332222959592,0.5049978076436845,496.35758194705886,0.2082198860800028,16.620057417671983,1199.5614780860033,1174.7570440837715,1201.1401880607227,1183.3953602151175,3.5371574382375286,1.9376731349759042,1,0,0,0,M039,2.88,battery
200.20000000000002,1,19.615047675488807,36.4907968903158,0.9012845064216437,17,1.0795308837134945,0.8262356741207191,520.683344801011,0.07877791831071133,17.215935872751082,1162.8474540019529,1135.4681343697569,1205.7465565918235,1252.057573437932,1.5677380366663656,3.3981388087177242,1,0,0,0,M039,2.88,battery
200.3,1,19.614650456090427,33.779880624863374,0.901259113176929,17,1.0453185182152551,0.6876880483468024,501.2397514654347,0.06821436396604223,16.912624985858468,1195.048520159876,1193.5209818700448,1212.6100919789205,1179.6969784814507,2.9027981075641742,3.3617720579397234,1,0,0,0,M039,2.88,battery
200.4,1,19.69985433549875,39.34032575985728,0.9012269258483713,15,1.0057932290959466,1.5677346444597315,525.4585082542474,0.06728130883064684,16.63118108922494,1169.9569246731212,1219.9406199543687,1214.1701158013216,1182.3241054578655,6.53129136584219,6.048903266116367,1,0,0,0,M039,2.88,battery
200.5,1,19.737903443766097,45.06301835050192,0.901191478520853,15,0.9567745631403382,1.5681222672857964,503.39087686773047,0.11052687641061315,16.11513870761831,1171.5418758833498,1178.3060319345655,1180.2447308134165,1192.3846643849936,1.1310948732602837,2.10291467354038,1,0,0,0,M039,2.88,battery
200.60000000000002,1,19.522831430519563,37.12968508878763,0.9011615912854308,16,1.1439242707527493,0.35551246719181584,475.969048441784,0.0689866787846804,16.481634825232707,1191.8139353203883,1206.3782179028756,1228.6374642157482,1219.8084154173623,1.0634504967805631,3.0071890281255977,1,0,0,0,M039,2.88,battery
200.70000000000002,1,19.528594477578828,38.97759585531412,0.9011364068722174,15,1.1164713192220928,0.5414109544255228,506.11495044113406,0.11499510075006075,17.05422541272598,1179.22084526418,1189.43866650342,1201.8387388545925,1131.4838872253974,3.0262628298856646,2.0987461718181355,1,0,0,0,M039,2.88,battery
200.8,1,19.534476636826376,40.80717867712227,0.9011078113360751,17,0.9308888178169432,0.7117437697937303,508.3712149760135,0.08423328129709665,16.75043513782886,1238.4905114441467,1235.8198456171185,1228.1798443637078,1198.5539514464851,3.053796697277387,3.7811382177382455,1,0,0,0,M039,2.88,battery
200.9,1,19.358223773321313,36.09936001046655,0.9010738729241603,17,1.0314424090988252,0.4636915919794111,494.35217820890085,0.09833938249531718,16.531072862510467,1175.1192072483495,1236.9007636135952,1195.7238571885262,1246.387369460311,3.5620689822318274,4.323641148232346,1,0,0,0,M039,2.88,battery
201.0,1,19.55620947770818,38.05625008324966,0.9010457555511376,17,1.0493716250964777,0.8866841240559185,491.4053668435519,0.1567693272392104,16.89428585750523,1210.5335413118946,1170.9499288297204,1235.5716889190808,1238.0113701579392,4.139997478716982,2.9084937530706028,1,0,0,0,M039,2.88,battery
201.10000000000002,1,19.324283729823453,48.500769930662884,0.9010102724064426,15,0.8484005457182197,1.367432316637192,497.00091843406545,0.07040034509910412,16.986199609186084,1202.9411407272953,1209.316078709646,1214.3251427889022,1199.0276373104273,2.800729395173265,3.863509038111176,1,0,0,0,M039,2.88,battery
201.20000000000002,1,19.588274736640336,38.039401692138085,0.9009817528961057,16,0.9557480408991037,0.4669673901676859,503.68818897222553,0.15218322484998378,17.257798808998054,1209.278910694418,1202.416037444032,1227.5997489548977,1215.769196165936,2.257418610378671,4.596434817928894,1,0,0,0,M039,2.88,battery
201.3,1,19.700457176133938,38.07764707578335,0.9009498186643866,16,1.0862701998294102,0.8739518346043462,490.1193113095146,0.026440187659870797,17.25059585133426,1229.112360965702,1170.5803505538788,1237.335196114579,1197.3155562706834,2.4225515848769836,3.104804945941037,1,0,0,0,M039,2.88,battery
201.4,1,19.549799182754093,42.99220630264236,0.9009181790544784,17,1.2105349758567479,0.42961672701420817,506.3696191647618,0.1268912456592588,17.098438235213894,1176.5969050600277,1205.9156468478939,1212.020223309822,1209.6838322564786,5.294999931138391,1.6834064136441658,1,0,0,0,M039,2.88,battery
201.5,1,19.433141684344736,36.862466302139815,0.90088402960579,17,0.8330177564806556,0.3933493994727408,498.9114830297769,0.2691719999552243,16.769013015833917,1176.531326092442,1170.7138754359814,1164.2637910482497,1195.2435635728268,2.853656785413139,4.776569775981553,1,0,0,0,M039,2.88,battery
201.60000000000002,1,19.592383583802,40.94210241384859,0.9008538360668963,16,0.9093853695083421,0.3100369013606065,486.4301211350086,0.11876933889769513,16.961865804002095,1175.7597407300573,1184.4592444352409,1176.2801943148609,1199.4727145829595,1.033525377143643,4.283068174676102,1,0,0,0,M039,2.88,battery
201.70000000000002,1,19.279330775435398,45.01052390697948,0.9008199477652932,17,0.9730639999774368,0.32867137381431777,531.7892448593548,0.1130248433491566,16.486982821770074,1191.7050439744344,1220.3033450746002,1176.1650345462267,1218.6641676425506,6.344181383437839,3.2452562617373273,1,0,0,0,M039,2.88,battery
201.8,1,19.37417377036666,37.082724265503884,0.9007941444747035,16,1.1256268337936608,0.29138311473518674,506.8301345965269,0.13882071250868383,16.757774514953272,1185.1120637927756,1233.3132629182103,1188.7698823199842,1201.0774457728596,1.8813996783583962,4.927017431857626,1,0,0,0,M039,2.88,battery
201.9,1,19.208359874695113,41.81729796726396,0.9007605523221722,16,0.9134024268614914,0.9209351246524065,525.0786184404119,0.12037330826100262,17.160369207859226,1189.6059954288194,1191.884755487515,1178.4919410218292,1223.1910719078594,0.7854196740031257,3.2787467799757803,1,0,0,0,M039,2.88,battery
202.0,1,19.18020238688174,38.348030620387355,0.9007231695908002,17,1.0046786785114545,1.7440892374019479,512.3117588477086,0.07874187963833026,17.47273545117299,1183.5053809748472,1182.15991391788,1192.0248553242645,1188.3442512190745,1.005267394553844,4.607356719214042,1,0,0,0,M039,2.88,battery
202.10000000000002,1,19.293069089411695,45.43981503025936,0.9006944201355424,15,0.981044334982937,0.4124510771164032,497.35945176129195,0.08128721252371332,17.509455103897913,1228.4907655602058,1211.1118302655336,1160.1120427944722,1155.126534898748,3.4065897992469862,4.582883148262601,1,0,0,0,M039,2.88,battery
202.20000000000002,1,19.55352134552963,34.8114101673186,0.9006681561131127,17,0.9374388888659856,0.8045623142584313,504.7348968118709,0.03931274040345682,17.521735060232125,1209.296820927082,1199.9629245205933,1204.667219397134,1225.5241647928406,0.640252465882579,5.060632011907454,1,0,0,0,M039,2.88,battery
202.3,1,19.35483870239126,45.38717888326178,0.9006317183809266,16,1.0975715110811404,0.3283098202264236,515.4604249776327,0.0423593189214736,17.58141182611657,1238.2536040914983,1168.0396825950115,1202.2476379067266,1193.4255792951606,0.7269511095268285,2.89305857382197,1,0,0,0,M039,2.88,battery
202.4,1,19.323489997144105,44.55937809017048,0.9005926666254375,15,1.0038781195314612,1.781670600089548,495.19719085770856,0.09945702870029782,17.93800635384688,1230.4913255231272,1156.5498045216864,1198.7157818603155,1214.8802517184456,2.5915408762849252,2.4121008186881623,1,0,0,0,M039,2.88,battery
202.5,1,19.430584296125947,35.44495843053318,0.9005603252225374,17,1.1187097836594946,0.7178627752840969,481.3318241812565,0.2890815738008765,17.52505688697364,1201.9042323094282,1215.4493283780203,1192.299713667897,1164.1808410903043,4.337107268970407,2.8837100062260266,1,0,0,0,M039,2.88,battery
202.60000000000002,1,19.2720031975022,38.65880532035265,0.9005291831858242,17,0.8656475562764657,0.09353695465196471,504.2083713646579,0.17970986849860288,18.143350290389183,1237.1595049244024,1168.5701811325544,1214.6556962763145,1154.4612926540378,8.56313014570232,5.080548564658976,1,0,0,0,M039,2.88,battery
202.70000000000002,1,19.623601114162376,38.353335647683444,0.9004982240696087,16,0.9353212450066877,0.3727986770082129,499.4441510283517,0.15988966693861942,17.773950882622337,1147.4063267997903,1202.9874690546405,1153.0568898510226,1182.519352840096,4.286078073684768,4.840747345706639,1,0,0,0,M039,2.88,battery
202.8,1,19.175723110399776,40.123004680285185,0.9004638732435049,17,0.8791838553948926,0.7746257909900202,520.2533404254473,0.010741173720954249,17.879836046219033,1196.5487997866437,1206.1357300211564,1211.27180875381,1178.5281781731753,1.965303068047506,7.182049101418003,1,0,0,0,M039,2.88,battery
202.9,1,19.18001625032,38.31823342608025,0.9004333413070038,17,0.9558951839483749,1.116422464463469,492.58809162214385,0.08410816951096539,17.920391804522076,1151.480159050907,1165.1357499838605,1169.4850460415198,1182.3432023651962,1.3687086608603933,2.4361945768675355,1,0,0,0,M039,2.88,battery
203.0,1,19.370872573896868,39.99880966310606,0.900400868224521,15,1.0709350548287524,1.1794381907982152,490.76702043712595,0.1104501716803275,17.512547650657215,1161.6286412145555,1213.8449385201732,1253.5922317796867,1233.98616605348,3.276460102548322,4.627096974090793,1,0,0,0,M039,2.88,battery
203.10000000000002,1,19.184899142963964,43.37159857359113,0.9003639135090211,16,0.9039620046894103,0.39115548900179425,516.075316569317,0.15705708616905972,17.298087204741446,1179.6142851213579,1178.1977533749503,1162.300406332402,1212.446673646132,0.8726461615398358,3.9741705736650084,1,0,0,0,M039,2.88,battery
203.20000000000002,1,19.114274000852685,40.734812443717544,0.9003301547628735,15,1.0498755491639542,1.0041818593313387,512.4943403993493,0.2818109961569137,17.33301129905843,1202.4235311848156,1195.8451690711418,1214.0901476443123,1188.265994830996,1.0768275203116877,3.7271200500008907,1,0,0,0,M039,2.88,battery
203.3,1,19.062328340295668,40.675478270869704,0.9002980329477922,16,0.8750879536358261,1.2359896161616652,519.1333295910107,0.09730491190420897,17.54466883793877,1240.8075908706437,1207.2402726812,1221.4936412389122,1201.0900622735785,1.402505863352029,0.7495490057597152,1,0,0,0,M039,2.88,battery
203.4,1,19.162621950366958,41.32357316857487,0.9002636808270053,15,1.1813724922924123,1.0521961912647257,481.72038165680874,0.19457677050342223,17.111163757496023,1196.7094544611286,1153.5330592319842,1215.0153231852726,1184.38115302651,2.9463871168851496,3.0951907893952124,1,0,0,0,M039,2.88,battery
203.5,1,19.3530316284355,41.778544897649965,0.9002375206842596,16,1.0991634858679418,0.3874304020584065,515.046354732948,0.0369733209931289,17.00099581777028,1231.6976819988922,1169.1009721417524,1179.49520160387,1183.6666084519047,2.313801880549999,3.047020179396129,1,0,0,0,M039,2.88,battery
203.60000000000002,1,19.33499846003627,36.95131307119429,0.9002061812923106,17,1.0415741410715322,0.7590412679621424,548.4495694670388,0.14263546678617892,16.672886840936147,1203.6358525555258,1231.0765611093625,1254.9256277482489,1179.4674806427556,1.3067988984725845,2.0188416304183843,1,0,0,0,M039,2.88,battery
203.70000000000002,1,19.04008224339582,48.284564396113204,0.9001687816211625,16,0.8951756732099638,0.5977866442509656,506.875980416847,0.07098819834226386,16.239798292526295,1249.6318376606703,1245.5880505608216,1213.2020855278795,1228.4691913223999,1.8727065476654108,1.6625831853798834,1,0,0,0,M039,2.88,battery
203.8,1,19.25622954671951,41.942588579609094,0.9001375472081073,17,0.8730726060405504,0.834358529869524,481.5126300579103,0.029556048232907497,16.173590495197743,1228.1936828286007,1191.3698772732073,1204.5262371026197,1215.859965675248,4.542006722603573,2.981736173086176,1,0,0,0,M039,2.88,battery
203.9,1,19.18524264183707,31.49159444448474,0.9001081213946281,15,0.8270345475574482,0.7255977993124161,491.70094591993103,0.139287377516936,16.21512033410707,1204.3658901184842,1191.1087601034183,1221.1116549962196,1230.2195618688288,3.533091508731755,4.175371563535132,1,0,0,0,M039,2.88,battery
204.0,1,19.116278226369005,43.4434007952473,0.9000762118867078,16,1.1192387510947963,0.582074362505686,476.6169446192353,0.0808929916050513,16.14528600783489,1208.9365030663405,1196.543269609062,1218.0350669205918,1149.7958464893827,6.4763445017910435,4.9257824632296545,1,0,0,0,M039,2.88,battery
204.10000000000002,1,19.157476485686296,44.11695556319157,0.9000467685483177,17,1.05039064649913,0.1130560136879764,498.0620962770945,0.055951881152141156,16.40217982402714,1220.8071207955961,1233.655796138237,1170.723760605506,1200.8079024268968,2.932130632301046,6.428168966114543,1,0,0,0,M039,2.88,battery
204.20000000000002,1,19.052422863448125,43.72763491251535,0.9000107849592808,16,0.8952434384035965,0.5332523972782025,482.3794539900112,0.052497300676402174,16.13981632563784,1180.4286798454038,1210.296562811724,1200.2475465942728,1234.0876809203621,1.393246408261151,4.801429231269711,1,0,0,0,M039,2.88,battery
204.3,1,19.220614666086128,47.5735630358609,0.8999794593498687,15,0.9076277889865934,0.29361532377234795,486.4111563034018,0.16444763721274705,16.313063207516368,1191.7362125931093,1208.9124744717756,1210.3587874493571,1210.373811477698,1.1836285885448623,3.456874803939169,1,0,0,0,M039,2.88,battery
204.4,1,19.15170624617654,40.612101119621265,0.8999510135314801,16,1.0130319374439074,1.1615516742057828,530.3940788148394,0.07399931776848334,16.692445311170683,1165.413342434659,1205.7173678062675,1189.8439919512218,1178.6809381779788,1.954028818217013,2.1954152354309757,1,0,0,0,M039,2.88,battery
204.5,1,19.117892041843433,43.87674802272352,0.8999182201837305,16,0.9599762191843353,0.8964757968736895,487.43511395073415,0.166376875485868,16.811848965769222,1204.939085961493,1211.0465935818534,1208.0704625770404,1191.168709044996,4.447142247169597,3.106337882376257,1,0,0,0,M039,2.88,battery
204.60000000000002,1,19.262024040408207,39.00657153438921,0.8998858776789578,15,1.042396685351978,1.3180323220575012,520.7110296119624,0.10652383715202118,16.651055113669642,1174.4131430205048,1184.8506692772278,1190.3541482266594,1220.4417149755207,2.150954013539313,4.649443682763773,1,0,0,0,M039,2.88,battery
204.70000000000002,1,18.80395643831138,41.68914394663972,0.8998594525911625,15,0.8665399749267897,1.022500726336862,483.5976781739156,0.06174542764099638,16.843579227341493,1190.4034616890413,1193.8667230317096,1176.316563987882,1191.0056905557813,6.182618444411252,5.335369263966695,1,0,0,0,M039,2.88,battery
204.8,1,18.88355243621814,40.10174619015692,0.8998293286812622,17,0.9404369962213458,1.5415203807326365,494.8859082122995,0.2873282439081175,17.374221280500436,1211.6250180616569,1173.5201833412043,1228.0492024278594,1189.4973028007053,3.739895010758503,1.8843297684030407,1,0,0,0,M039,2.88,battery
204.9,1,19.22633416967166,41.831326580836766,0.8997949892894266,17,0.8657377182339636,1.1072544298064895,497.48888382963014,0.21548855835753575,17.140099250626445,1216.5497891390119,1176.2657147598936,1160.7986763840242,1156.1134243553024,2.3077949001222695,6.163418454499967,1,0,0,0,M039,2.88,battery
205.0,1,18.80076487889135,39.47807530965363,0.8997642494897546,16,1.1400271183221595,0.4800775709229422,528.6988155215504,0.13346970211523032,17.118930733746634,1234.0442377301981,1203.2686632065781,1223.4465197481343,1212.0881337660753,4.325700653690794,2.5135891585936525,1,0,0,0,M039,2.88,battery
205.10000000000002,1,19.054570375501214,36.39836023810695,0.8997367968660867,15,0.8533557369928769,0.7538430195117012,470.27879175368565,0.032958428565301595,17.15938502898691,1160.6107530331285,1221.4205816858944,1198.732166613262,1235.2963626873304,3.39504333682366,5.884328969139817,1,0,0,0,M039,2.88,battery
205.20000000000002,1,18.994517718966005,37.5048913976934,0.8997037925732391,17,1.0118609914335044,0.6956809841609936,481.0448002444721,0.14626982598454746,16.775386420056424,1203.1469784414187,1246.9248449395877,1191.6485659250102,1224.0860475961586,2.211810075237336,3.95241834192604,1,0,0,0,M039,2.88,battery
205.3,1,19.052122561247472,41.20053425741048,0.8996742928094631,16,0.918495200102599,0.45795358579036394,541.6525892130793,0.1427912812058597,16.71486012229041,1232.9585008471192,1184.9286148142633,1201.385978023417,1185.5059086758251,1.7915736117964598,3.8852123058893597,1,0,0,0,M039,2.88,battery
205.4,1,19.08183877568922,39.31512483757656,0.8996438534756405,16,0.8879980008552257,0.644075174902219,519.4048058121044,0.12224359330215538,16.95939121268159,1184.415748935532,1181.122801709391,1217.66208368076,1182.6063763426837,0.4450061664153124,1.888505445877698,1,0,0,0,M039,2.88,battery
205.5,1,18.722753545065583,51.569629487940354,0.8996106777649834,17,0.857659811544468,1.2454806404556868,505.9715196870424,0.047636758467428056,16.965667243053847,1162.704643452972,1198.24621835224,1236.854616859483,1198.8578999189106,0.30675881799150234,1.8875583637531674,1,0,0,0,M039,2.88,battery
205.60000000000002,1,18.940219971328958,38.03510113824573,0.8995773122664087,17,1.0371412686991026,0.7038963613229837,516.1184553239199,0.056481733737534415,16.672391471404808,1238.8528878996312,1172.8776711301691,1228.5535901904543,1200.7319470159318,3.561342801667629,2.7568512057421684,1,0,0,0,M039,2.88,battery
205.70000000000002,1,19.03622806822537,35.835110324725754,0.8995575444241051,17,0.9788425379913839,1.5306134384974257,527.4597711019176,0.2404997083940547,16.291202471003384,1215.6272992511092,1161.5174170636644,1195.032650170188,1228.2028371729814,4.998593796747616,3.4741707578594894,1,0,0,0,M039,2.88,battery
205.8,1,18.786917667222,41.996305346651994,0.8995285009528575,17,0.9786919698515375,0.9769777288630288,511.1398867081943,0.13246383326361544,16.343786255580277,1191.337759338265,1251.4239837348164,1203.029699090626,1219.6455199592804,1.8583942456281273,3.8619795878564833,1,0,0,0,M039,2.88,battery
205.9,1,18.982842262699748,33.26789084865019,0.8994993509527169,15,1.0110369814085902,0.32821894277436786,494.0753540293364,0.1669188255737473,16.042724841439636,1182.7268438183632,1216.1187378826448,1210.661688915734,1176.1758697469354,1.8194070054710623,2.1530597936567726,1,0,0,0,M039,2.88,battery
206.0,1,19.066999125738413,44.41446898523417,0.899468911876837,17,0.9740558393343048,0.13589090009961638,510.382159564514,0.12086718013679568,15.593206100805723,1208.811460923613,1179.622771136383,1195.5854205133778,1230.40772620255,1.1200134501044277,1.945906429887733,1,0,0,0,M039,2.88,battery
206.10000000000002,1,18.85002026768975,42.73037905384089,0.8994431412998616,16,1.102701521059446,1.8203118781885614,513.5711667873198,0.10951347411904527,15.246854050669613,1174.6948641447325,1189.7844470643508,1218.4887527536728,1162.8261474596236,7.281304770862543,3.1120020071481718,1,0,0,0,M039,2.88,battery
206.20000000000002,1,18.91281872827934,44.72903859805077,0.899415030961328,16,1.1696388401534188,0.16312130277617315,506.79674174374924,0.048421998848566954,15.096329046462282,1181.330556680149,1182.2540014131312,1194.5367414418185,1179.1735283294279,1.3628149273616974,2.514039624956884,1,0,0,0,M039,2.88,battery
206.3,1,18.735037169778927,41.985669077249256,0.8993807891267722,16,1.2585163103076487,0.5837699261769802,527.9873142234871,0.20028080551077224,14.882095569708747,1194.0097311733794,1233.9787799246913,1190.5972351878431,1204.2159380492137,0.7553845012964095,4.403044038044816,1,0,0,0,M039,2.88,battery
206.4,1,18.648015177604787,41.60684388054746,0.8993530257435408,16,1.1693889012099508,0.1792640495696184,463.1576264449036,0.3428743473050556,14.98486710128473,1187.9633018923957,1237.6909254313384,1175.538051177095,1218.8351468551657,5.248463341205863,4.09049573767352,1,0,0,0,M039,2.88,battery
206.5,1,18.68318053616362,45.94137937078115,0.8993209187336676,17,0.9671535376188196,0.28851229688290375,505.65460081858924,0.056794240887328776,14.77677965851972,1169.9244946521908,1165.2897515139096,1193.724275895005,1224.8090554973385,4.239257439427371,4.943595742671719,1,0,0,0,M039,2.88,battery
206.60000000000002,1,18.5817145058788,45.94470756004944,0.8992865434861567,17,1.0065335539207945,0.8276195532917938,487.72495471579384,0.11689124348447472,14.430284589941948,1208.1544264007348,1204.8828517733718,1165.8747259214294,1194.9259007577787,2.5450149370531117,2.5202286754911354,1,0,0,0,M039,2.88,battery
206.70000000000002,1,18.729558926620676,35.76742442539869,0.899263066026597,15,0.8750233312369682,0.2674140205829715,500.82672068562,0.016698523144526935,14.857059278718918,1209.179615370622,1193.5118141032933,1215.5699497337282,1188.8421957739372,1.9743082317534861,5.89835534556841,1,0,0,0,M039,2.88,battery
206.8,1,18.860778447720215,47.306784550503636,0.8992335608009754,15,0.8810542609556075,0.8719087322046218,480.1977083771562,0.33668404521305595,15.097435441139478,1187.020932953078,1186.7540692216817,1190.812359653254,1212.3436876290364,2.277911114285908,2.590650323263884,1,0,0,0,M039,2.88,battery
206.9,1,18.543830515017017,45.0302585412658,0.8992050093849155,15,1.2010812749815265,0.193941150900868,513.2758215243314,0.08722765757384682,15.012332443636218,1229.8797340730894,1204.9889302521706,1194.9881645108558,1170.0035065780285,4.364153553565999,1.4042645659936506,1,0,0,0,M039,2.88,battery
207.0,1,18.79578865427131,42.41377735969967,0.899170730796837,16,1.0583842551623035,0.43973291102581036,467.6224847838027,0.2051455821560058,15.10492448389791,1192.1731369256358,1210.7008410403453,1214.342835231988,1182.6127654699526,5.518525586273674,2.6312652610330707,1,0,0,0,M039,2.88,battery
207.10000000000002,1,18.61989821985067,43.48006562632055,0.8991373170184621,15,0.941579014233611,0.29009358769242216,497.58298654731675,0.05097829584614561,14.877827634080699,1174.7152087478742,1168.1686228930048,1206.6177740323008,1222.9364090534436,1.392671149311484,5.589105697335823,1,0,0,0,M039,2.88,battery
207.20000000000002,1,18.617531603318916,45.40359861547864,0.8991066470841368,16,0.9300781934174469,0.5317550665093806,530.8487859653535,0.1357787375177874,14.516770864497543,1170.476153634266,1209.6385642230541,1172.9818214204013,1217.3081923353668,0.6653579093775261,2.2002879925132977,1,0,0,0,M039,2.88,battery
207.3,1,18.512604186122925,44.07919626027365,0.899075914249397,17,0.8749037267709592,1.2081877552870182,478.71367906417487,0.026801303922369325,14.26952922587241,1201.7511470363947,1196.3430587896512,1215.0868328341592,1217.6264956918371,1.1394561190948735,4.6390336779974195,1,0,0,0,M039,2.88,battery
207.4,1,18.80133775177425,47.642836428559946,0.8990464164754252,15,0.8610251237776294,0.879389143293322,513.5865033882498,0.012067908663115702,14.237966709190005,1209.0601957851854,1220.9731116189198,1237.4335584778328,1227.0644731528105,0.8645323464160369,2.3337844063339923,1,0,0,0,M039,2.88,battery
207.5,1,18.564955501898925,45.96348660119116,0.899013488818609,15,0.8813312627722817,0.7989091910719994,455.74848912041244,0.1406402387265862,14.492862779198283,1217.9498090763325,1190.346546468792,1204.9393241066832,1188.2154945026891,4.18779448887638,2.691386914496878,1,0,0,0,M039,2.88,battery
207.60000000000002,1,18.517899705350544,44.01347893997523,0.8989861035271282,16,0.8637041700380653,0.17767990187870578,493.47252764618577,0.032627648933383595,14.291967281970225,1197.7254012498915,1174.2484840567363,1191.039290444368,1168.4152283258902,2.201977331489324,4.252476862332935,1,0,0,0,M039,2.88,battery
207.70000000000002,1,18.64864455549583,37.68317058338744,0.8989564362498685,15,0.8507218166483643,0.5538728155441172,487.4267414789657,0.04880396730079212,14.139525075472443,1202.2878840344501,1207.7748848437534,1199.1353784024552,1199.8299157895758,5.111414899585293,2.678870347040377,1,0,0,0,M039,2.88,battery
207.8,1,18.667987477503182,47.397082308199415,0.8989216222561048,16,0.8863076836798377,0.4892739217185609,505.94339811330866,0.15474541937656353,13.958547094871804,1208.1963725035002,1218.0405381047078,1210.8117518824513,1203.7226905769621,2.7467826107942903,2.6821670484832105,1,0,0,0,M039,2.88,battery
207.9,1,18.721420410101803,44.38910952346236,0.8988895195156688,17,0.9602382971543298,1.0626197026614945,475.96856979787134,0.05936127409586215,13.4265078382043,1193.2663622189964,1173.108835282128,1198.3604965478999,1171.5161271937156,1.2543546800729128,4.0421076770434885,1,0,0,0,M039,2.88,battery
208.0,1,18.468952050881974,39.003896115372626,0.8988629466785504,15,0.8677677666581788,1.6271069950907244,484.54628013550285,0.1990799357105725,13.20509498549633,1187.01685744235,1212.9093685309451,1179.4905923462695,1194.9154576161566,2.387358313788491,2.532514981239215,1,0,0,0,M039,2.88,battery
208.10000000000002,1,18.830529833810573,43.69058234010219,0.8988324179810424,15,0.9884546782272678,0.8487634181033011,498.16331963215947,0.09243457239225428,13.758105099451733,1194.7563685660748,1197.5179956355748,1182.0575789688846,1236.1045086451013,2.024261002242095,4.52444999732365,1,0,0,0,M039,2.88,battery
208.20000000000002,1,18.662024320523713,46.77540447262717,0.8988005357509777,16,0.8609563479556731,0.5609484980962594,518.8867251111814,0.12668136876132793,13.357413432277804,1175.0124650359173,1241.7939627070657,1163.7050039222522,1193.7928799365,2.806019604397476,4.9583761654384,1,0,0,0,M039,2.88,battery
208.3,1,18.615085147789273,43.22837278820262,0.8987709758450272,16,0.9937569769925304,0.4776574727541545,465.0789903780888,0.1319472677719511,13.515430068398686,1204.5834942863414,1206.1771880173321,1192.0266433417705,1224.1739273519113,1.6503336238904822,4.047931552195122,1,0,0,0,M039,2.88,battery
208.4,1,18.59173213757929,39.09714121710067,0.8987475406146029,16,0.8483925878858225,1.150515950535525,467.89543247800657,0.08935206991969627,13.838418408830252,1204.754853823564,1196.8926223119438,1193.350617569297,1207.0125487779,4.212409693136803,4.279556348358146,1,0,0,0,M039,2.88,battery
208.5,1,18.5810295816858,44.29483097406835,0.8987159842954106,16,0.9174838806371652,0.6592956874250536,501.64781025778416,0.34922285379868884,13.570191581250093,1187.4936683357246,1199.3522751594955,1166.9737383090076,1246.8333946626576,5.133121751273744,2.9534393846195695,1,0,0,0,M039,2.88,battery
208.60000000000002,1,18.601079606892235,51.18540823213549,0.8986784270007351,17,0.981568618421314,0.250579641845877,487.8821679876072,0.3292896992567446,13.531694053868296,1205.4319093975632,1169.2387474003508,1223.0566299373666,1188.2308663428387,5.391920375341875,3.43454483998916,1,0,0,0,M039,2.88,battery
208.70000000000002,1,18.457318063213783,43.16228011884882,0.8986469690068721,15,1.1358973460453559,0.8502838648545145,476.69928046290147,0.019234422002741853,13.224521469625435,1166.8163667200654,1180.7786739198723,1208.4986639244971,1219.527123257406,3.2614106551453466,4.146398039959594,1,0,0,0,M039,2.88,battery
208.8,1,18.521838070876267,40.910990105023274,0.8986179687465661,17,0.9684982098360329,1.194875268637425,509.1729522361762,0.12985181407720775,13.056015779368304,1175.7719249237432,1184.6607980996107,1169.9666287394994,1218.251427812806,2.495102337685924,1.7758857978829738,1,0,0,0,M039,2.88,battery
208.9,1,18.404452951761222,43.480508253437065,0.8985864222506328,15,0.8968312904905763,0.8616923529488519,489.59543218683854,0.0810179322029872,12.773884039352572,1216.9511568863047,1211.0957459555411,1179.0301931111271,1209.8848694661233,1.266154997532306,3.584404925844543,1,0,0,0,M039,2.88,battery
209.0,1,18.377765475061512,45.5678033687959,0.8985499222081647,15,0.9443673910479535,0.2258343030421187,500.01249069025533,0.20632741695534745,12.584812928185471,1212.7746827122644,1218.1252353449092,1192.567016198021,1201.7672041298447,3.9014499641063,3.1695785304663007,1,0,0,0,M039,2.88,battery
209.10000000000002,1,18.474009133161182,41.640294522266174,0.8985177761593652,15,1.0597208999657477,0.08475621955231634,497.3193545919247,0.022813109910265125,12.567673647353466,1202.759032928624,1231.1963119309369,1193.9566659437598,1223.8352847923125,4.937655243328112,3.019614291627602,1,0,0,0,M039,2.88,battery
209.20000000000002,1,18.181488512444595,45.88220084595646,0.8984882410180768,15,0.8468586405908093,1.228810643260478,519.4305236505502,0.11824518667989249,11.756361622127304,1154.5411761114403,1196.683176502868,1200.3981243538863,1147.5650469402879,2.6017150689549258,4.514545318963812,1,0,0,0,M039,2.88,battery
209.3,1,18.585925754731814,50.259321136639464,0.8984565684112117,17,0.9311067778395158,1.0812054959104478,520.7910628081514,0.11911115129386474,11.784148839678444,1203.121168440781,1182.2188289854337,1242.9632070208604,1192.650170369944,2.360144101102012,2.4005424698371964,1,0,0,0,M039,2.88,battery
209.4,1,18.474824228949863,44.774697547451964,0.8984288967901772,17,0.9208088876005006,0.793361541121024,493.91582023629724,0.1252071717963398,11.77109830544448,1191.210001345497,1189.0021468507643,1237.8984700307758,1182.187675940457,9.352747037318963,2.800193987842839,1,0,0,0,M039,2.88,battery
209.5,1,18.36545442986069,44.27008263660532,0.8983935618220513,15,0.8950783438009503,0.06112555782810452,493.01494207761664,0.08463611825115971,11.274629656242917,1125.2694650602066,1264.1832773172027,1195.6310553357011,1213.8961689138503,7.224415807345639,2.341975176696466,1,0,0,0,M039,2.88,battery
209.60000000000002,1,18.503645439168388,46.106824623400044,0.8983630745731334,15,1.0135234636888992,0.6348545838683015,456.3319157866068,0.04866170398344378,11.333896248077526,1166.0035935556557,1234.2757158350862,1191.4104429746997,1168.3267242526167,3.85693898896692,2.835956438417816,1,0,0,0,M039,2.88,battery
209.70000000000002,1,18.311610247800765,51.746270324332926,0.8983256409801608,17,0.8596408161355684,0.2139149980321173,466.1799908837641,0.138743745150754,11.434644425249175,1207.0784113292657,1198.9186602048637,1199.2605620638353,1179.0659166019736,2.781907753460815,3.8793769084357423,1,0,0,0,M039,2.88,battery
209.8,1,18.43894891790295,45.290875367300664,0.8983012116361071,15,0.8938786671695229,0.6673461064623513,530.5618985184077,0.03796631123087691,11.778582104454062,1187.0466693088729,1189.3467798539357,1177.363217991619,1207.122425936601,4.127917929526193,3.7700986785682424,1,0,0,0,M039,2.88,battery
209.9,1,18.5623623874618,43.85592910371083,0.8982678612701465,16,0.8457803593496385,1.2911550847142197,499.26874716378666,0.11739461656573323,11.969546790226422,1152.8609523806579,1252.4378250710085,1209.3712230121737,1207.639250986427,1.1828165456377442,3.567179271805747,1,0,0,0,M039,2.88,battery
210.0,1,18.57456293236784,45.35567830984196,0.8982333550431163,15,1.144495200043058,0.9277386530332024,465.5107748601352,0.23609693738816254,11.58484070545172,1170.1390362921434,1208.7137945906013,1255.0244056918937,1215.7926624188087,2.4508459911387086,2.715850884342508,1,0,0,0,M039,2.88,battery
210.10000000000002,1,18.4217582300262,38.30804369169599,0.8982049002949777,16,0.8642805472779994,0.9312029784732393,524.1171292700647,0.15070848739861037,11.502249816101447,1173.0146487214572,1209.5108953560455,1197.0384253823047,1198.632677277806,4.6978141474375,4.855094425924836,1,0,0,0,M039,2.88,battery
210.20000000000002,1,18.547722201355292,47.071592252067276,0.898169831272957,17,0.8816267531854427,1.4050181734632705,501.69257619699613,0.18932914851042734,11.694559218777762,1192.1216235166344,1154.0582831735112,1208.4180241113304,1129.380107521314,1.7496036538145285,2.862082206551907,1,0,0,0,M039,2.88,battery
210.3,1,18.21910416491301,40.142425700187786,0.8981409557280059,17,0.855062356448798,0.21579936914637105,495.6796183602155,0.22755501709199294,12.130056321921439,1214.7121475830997,1174.954845527055,1162.9058589574988,1177.3281599350503,2.710252098031508,2.9318067858872365,1,0,0,0,M039,2.88,battery
210.4,1,18.629482646367887,44.563897503905395,0.8981116666950659,15,1.068990830454844,0.8174535151330833,483.1064982005801,0.043718769480712225,12.323386528707726,1238.3240679422431,1197.312259398486,1197.105310350081,1168.3762693342992,5.448294200798607,3.457389369388542,1,0,0,0,M039,2.88,battery
210.5,1,18.42128440898743,41.58342886651873,0.8980884930189441,16,0.9548722484675417,0.7995473210237487,503.16723212163726,0.14805815063298067,12.607514362048434,1220.8664655439604,1174.9337138730373,1231.6045326268536,1237.1056865093683,1.0140076284357191,2.8337551299378845,1,0,0,0,M039,2.88,battery
210.60000000000002,1,18.14403152193116,46.836069405785096,0.8980545222836671,15,0.8836436915791731,0.2552110449917421,483.13885468497585,0.20914799467988918,12.127957751390083,1208.3887797324035,1221.2604594163859,1223.3437486528474,1184.8501781222474,0.9415830791734713,4.602405654871662,1,0,0,0,M039,2.88,battery
210.70000000000002,1,18.306803036395358,39.71866458493503,0.8980275244765737,16,0.8799624210340155,1.3781697773974244,479.9129257567231,0.05026800082538402,12.038531499299886,1197.6590113418395,1201.339178759583,1217.7171038836095,1204.2923376354254,2.4922296658785132,4.90978416667448,1,0,0,0,M039,2.88,battery
210.8,1,18.341731223239428,43.63573966566509,0.8979911424294142,17,1.0942781130285961,0.8168540312311918,483.22263188070735,0.10933615325208319,11.945380750764,1228.9571805290634,1177.8175653494409,1228.8528402053319,1178.3531632766783,4.099203838163908,2.63284644143562,1,0,0,0,M039,2.88,battery
210.9,1,18.16521637685952,43.903223768795975,0.8979596601180613,16,0.8912096345085095,0.868570131395858,519.6948080017814,0.11351259446407162,11.897657363187358,1204.1260827492194,1245.2454931286884,1225.4755924065478,1166.041951314403,2.8583511667534243,5.814192972425062,1,0,0,0,M039,2.88,battery
211.0,1,18.044302011518553,44.44795792847457,0.8979281578842908,16,0.8970930519606127,0.24859067108492724,528.074791741572,0.1546958956027681,12.107736141241425,1244.1892790452428,1214.9276661758302,1197.5883718093846,1199.6529095281517,2.063787154134685,3.1335294770011153,1,0,0,0,M039,2.88,battery
211.10000000000002,1,18.12295836956639,43.66913852152773,0.8979040739819073,17,0.9282477901930539,0.6253072069777239,486.6072948992293,0.17496764937984044,12.720740679189527,1196.0956248178388,1208.616211959009,1173.388129610943,1180.7244044115769,2.7278742161216134,5.334544849718057,1,0,0,0,M039,2.88,battery
211.20000000000002,1,18.268717300020214,45.17605641539142,0.8978709349922616,17,0.9835933193091468,1.717844967879968,508.80706434278284,0.18483875656827492,12.639988329069872,1186.6783078338817,1225.2547063513525,1207.7830075103034,1154.2445548502103,5.661864199196868,3.406981564112298,1,0,0,0,M039,2.88,battery
211.3,1,18.26855562412733,48.24242813331901,0.897835663639518,17,0.9469474689971603,0.6382642515298785,498.86643651766354,0.009176962555258072,12.747896336466246,1194.8916808905417,1164.3107485046817,1213.596500150486,1210.3288116417457,4.0622483549488875,4.6641889126178455,1,0,0,0,M039,2.88,battery
211.4,1,18.156298263125205,53.93996174704319,0.8978017878969485,17,1.0009081468429932,1.020207688302977,516.351122840744,0.0639820778126111,13.063330457196505,1201.7665532069204,1180.31140270125,1197.8623092246148,1208.0537919377305,4.3361624030347965,4.94712966703346,1,0,0,0,M039,2.88,battery
211.5,1,18.104263008996142,43.636458121771234,0.8977758106912807,16,0.8964228142037404,0.7899304588653737,530.6539056094634,0.008166505017012889,13.31284555856514,1216.424471702329,1222.3627199855143,1198.1542319664054,1213.8998651841162,4.470173066708901,2.503023301789051,1,0,0,0,M039,2.88,battery
211.60000000000002,1,18.273122637421128,40.35102648574521,0.8977488185356465,16,1.0774532183406575,0.19280715146359084,505.9184621120874,0.18039020487121754,13.444851451347922,1204.2503228811263,1230.4507684426253,1246.8892665513383,1177.1480768012404,1.2170151307939228,4.341796886619921,1,0,0,0,M039,2.88,battery
211.70000000000002,1,17.985716554204018,45.16137208982211,0.8977179115622302,16,0.8538958552927456,0.24980580073447817,498.65507924933684,0.07149476465247422,13.040305262608673,1187.1565776508228,1183.2980367361895,1230.406884598672,1208.0636067232892,1.9285574411309478,2.686526422956637,1,0,0,0,M039,2.88,battery
211.8,1,18.2316913605094,46.45157734119563,0.8976839027959478,16,0.9264032628304715,0.2647946151368916,540.2065856849274,0.12608892686752715,13.195302356410991,1165.2193024469689,1201.7918410107084,1157.2788390484939,1233.5200818810558,1.3176362807964352,2.82202559192517,1,0,0,0,M039,2.88,battery
211.9,1,18.265784580323544,44.706773477795444,0.8976599440166482,16,0.9098216435985377,0.11436568141971093,529.0504601269413,0.2176069923834006,13.20415978781613,1208.8070087103279,1173.3484309496725,1199.2023801664293,1198.7901354084431,5.301111130973177,3.7114410916959253,1,0,0,0,M039,2.88,battery
212.0,1,18.228452956205153,42.99732893002402,0.897632357472779,16,0.849776197940843,0.6609503910774637,548.4528968278877,0.15665090845638385,13.406667687626477,1207.5572597026219,1205.0545107425876,1238.9234325895777,1200.1407822763144,4.3384373770367,3.687964635807826,1,0,0,0,M039,2.88,battery
212.10000000000002,1,18.081612519132094,44.50559182557225,0.8976017517140226,16,0.991106706161343,1.0062912715419625,480.93595447633976,0.20326350167635077,13.216243270055836,1202.7770225548754,1201.8241197784528,1160.1807902468925,1174.1279940773002,4.299043272370191,5.082306501071631,1,0,0,0,M039,2.88,battery
212.20000000000002,1,18.072090139526942,38.06997634577893,0.8975766547164153,17,0.899017283729766,0.29292709403465633,485.27739589293714,0.3610898279406016,13.68918846850698,1190.7389881212296,1175.0393579431443,1197.7678013425761,1200.6008893286378,1.1158994231800698,4.157708421241025,1,0,0,0,M039,2.88,battery
212.3,1,18.357308255913402,46.14484513532999,0.8975493305484685,16,1.0112555464168953,0.42346490405590553,530.4574004628907,0.1965477197719007,13.57284574512008,1241.202235244945,1197.2427272502798,1181.5646051236763,1178.061689005525,2.5966195041826174,3.388398199878665,1,0,0,0,M039,2.88,battery
212.4,1,18.057639283054264,42.19755588765665,0.8975184429378174,17,1.2826846873459608,1.7527613809126037,491.87050402562954,0.07395821119847304,13.725660950022494,1191.6618953070872,1200.1113658871539,1183.9855149606444,1212.2253614038036,2.9986196914191385,3.6142250575469355,1,0,0,0,M039,2.88,battery
212.5,1,18.411874010186196,44.71567373801979,0.8974895746810845,16,1.022836139361392,1.462143749104497,509.03146742959626,0.04486582679474214,13.435217856819243,1180.5266273096772,1200.7384775789878,1158.7630754554611,1156.697668943238,4.177589094149173,3.1428919876123027,1,0,0,0,M039,2.88,battery
212.60000000000002,1,18.123273916202166,44.99402106417187,0.8974566361933536,16,0.8981913474185662,1.037158378245488,500.05573658542085,0.13591704297202648,13.418399233167204,1236.7046793993,1199.1669280897984,1202.1348855326148,1243.6168452974744,5.229525819589946,3.9616256670347845,1,0,0,0,M039,2.88,battery
212.70000000000002,1,18.1722905568784,45.55926731382953,0.897423863549306,15,0.9287264203633637,0.6614931623090112,509.2098570396319,0.1501307363979671,13.296512240221174,1252.3989233098973,1185.7546091056133,1252.102151882429,1176.5302496518425,2.0729776720298365,4.547988140708054,1,0,0,0,M039,2.88,battery
212.8,1,18.41070837109735,49.77132829217172,0.8973889465226369,17,1.0870199344482836,1.398615751862451,505.3527172941626,0.12222772522720024,12.987375523607168,1201.976817614631,1186.7449278953943,1211.4947422137489,1213.424979067879,1.5432244973303326,2.4184351936305917,1,0,0,0,M039,2.88,battery
212.9,1,18.150353329848862,47.32037430048601,0.8973544677076586,15,0.9412272949817694,1.3990545129235352,465.818522957637,0.03812015819405611,12.778247624549232,1184.626920001734,1186.40465950214,1166.0605771192227,1199.1706923581162,2.880908667568752,4.502831152144427,1,0,0,0,M039,2.88,battery
213.0,1,18.26184238254087,41.96356538269232,0.897324433313712,16,0.8582509990672487,0.18157077615001896,471.83803709717307,0.06179670498700919,12.692529924952533,1232.7426215103835,1153.342199546378,1189.8975934303464,1181.1974130677816,3.6646716708885165,1.4642942476605478,1,0,0,0,M039,2.88,battery
213.10000000000002,1,17.858387657509557,46.01034993737208,0.8972906924184584,15,1.0051725971103838,0.4972042106738927,475.63769810301375,0.04579864926336841,12.986331213656607,1241.096785331055,1248.6603461247648,1206.292404080096,1155.2482249036893,3.1751515996672754,3.2100364083620825,1,0,0,0,M039,2.88,battery
213.20000000000002,1,18.009132882761428,43.5022229663023,0.8972591038624003,15,0.8530841113787621,0.8994221033590565,477.99404824631966,0.13697675165142179,13.023526967385232,1208.3112016577966,1189.6305670086529,1224.4838172216757,1231.1569700841317,4.491564206219694,6.65528520273137,1,0,0,0,M039,2.88,battery
213.3,1,17.961733987628534,45.637138086410914,0.8972277532890809,15,1.1063185679499403,0.3638998643863157,518.6241448121357,0.11907929215386784,12.97104082358186,1190.3485385200909,1191.8005030651564,1182.2689690847133,1222.184601358313,4.525563336714097,3.8538136193097126,1,0,0,0,M039,2.88,battery
213.4,1,17.898208647128115,50.15249117351098,0.897189657778385,15,0.8888703070924291,1.1972565992113224,527.0223418384136,0.07712323909401589,12.324311839595342,1168.7592333692394,1207.918894536695,1206.9885561064089,1216.7824208467832,1.5651859674471602,3.751167721224423,1,0,0,0,M039,2.88,battery
213.5,1,18.009866080613687,50.91302442766808,0.8971614156785286,17,0.8552277427492315,1.1887091164777677,494.53911825708377,0.04683781402712013,12.67330316316086,1187.9571847651112,1181.2658417957896,1175.5231454479047,1179.233200211527,1.5077811387483833,1.533524520310735,1,0,0,0,M039,2.88,battery
213.60000000000002,1,18.009560563077613,46.04466221708779,0.8971209144166415,16,0.9276579391698404,0.43469869543122663,499.4495292405736,0.13777021316703955,12.96840454991672,1238.142339519211,1200.35551314061,1215.232055510991,1220.5281466410568,5.445493986928239,2.227903895198761,1,0,0,0,M039,2.88,battery
213.70000000000002,1,17.953762286553413,45.094528448934945,0.8970957376308797,17,1.0515026875113076,0.9177417806426198,514.1667061811984,0.24351550218262624,12.820882207532678,1248.157393649729,1170.4783890015942,1160.0100544245233,1198.5361289227646,2.0465281068057752,3.7191735711081533,1,0,0,0,M039,2.88,battery
213.8,1,18.069193759669467,44.43500805497878,0.8970634255021737,17,0.8555989995517274,0.7675866052052411,510.8078489346365,0.1476820323799678,13.12296339714775,1213.0984684135444,1206.4385899652991,1172.2432146311805,1193.5609323471433,5.549806815126579,5.4437454208204965,1,0,0,0,M039,2.88,battery
213.9,1,18.113938057523246,38.41203873059286,0.89703091287808,16,0.9058798842678721,1.1712478609061592,507.4395425435399,0.016430444504564545,13.730746411428356,1213.6896244732623,1183.0070543668382,1198.713703299629,1211.6998789728539,1.5981515200917307,3.0217834268941433,1,0,0,0,M039,2.88,battery
214.0,1,17.848810039679716,47.7784534070087,0.8970002741775851,15,0.8808512043567036,0.847731714188262,514.0393131066207,0.09582144129407658,13.687948014502442,1211.423374851878,1232.252489648778,1198.7323077454148,1182.4563368374797,1.4614998919535196,4.971214921763187,1,0,0,0,M039,2.88,battery
214.10000000000002,1,18.1646081032453,39.36028628010974,0.8969727187226398,15,0.8926118477841459,0.12854406121672315,514.011296298908,0.2267279847177036,13.637227256723069,1200.3374990266348,1214.935781385479,1159.2531136369764,1175.9671816530104,4.406905623805468,4.765498628074072,1,0,0,0,M039,2.88,battery
214.20000000000002,1,18.076485141790698,49.61142410748655,0.8969378895240989,15,1.0591964824084485,0.8602194747402969,506.98419720352734,0.0861230648776497,13.851513264711778,1225.0330490871347,1199.273307992142,1205.8123894071202,1200.2793443439132,4.73376685647442,2.4724669141150573,1,0,0,0,M039,2.88,battery
214.3,1,17.840960401541718,51.31473408448419,0.8969047522841995,15,0.8422189855732357,0.8862950463767595,514.0146212055754,0.19947856678771914,13.689077516553292,1238.7472659933064,1273.6303604985578,1205.0483664282408,1209.494318217929,5.632457511140899,1.9403821502285423,1,0,0,0,M039,2.88,battery
214.4,1,17.880030139370668,39.02177509357585,0.8968701307524527,16,0.9625381922286433,0.3891059223935995,514.2567907501324,0.15589987300108654,13.319359972038672,1179.727262082419,1213.5217966634052,1225.9448351138328,1191.3534939135905,2.3451548423271156,2.894614099893027,1,0,0,0,M039,2.88,battery
214.5,1,18.017424930275958,42.86991418601993,0.8968414047451885,17,0.9524839193550494,0.8636518242122183,480.2838831276504,0.36088756759248475,13.485188245556062,1169.06619972117,1188.776623143629,1247.984451916626,1232.592891863456,2.561722755108682,4.721305315376137,1,0,0,0,M039,2.88,battery
214.60000000000002,1,17.824737582960374,41.26230161061807,0.8968093885808457,16,0.906215603140022,0.32166202743535643,477.62171757496156,0.12426024646741027,13.683225750703238,1172.0404691133808,1196.434203619871,1197.5878796372388,1220.5946287624558,5.06141504552845,1.2263319123287177,1,0,0,0,M039,2.88,battery
214.70000000000002,1,17.971255406117546,47.219971587852186,0.8967836675642337,15,0.9424379707615862,1.0730560385541132,510.9457104837952,0.1400047900713935,13.671093011204375,1217.0344130274339,1201.7394130794517,1195.2649837959825,1225.9216021942368,4.506809629524345,5.4331911228630485,1,0,0,0,M039,2.88,battery
214.8,1,17.812057209617617,47.426157473784436,0.8967466993582665,15,0.9798370812265145,1.284922948258166,484.7967248110221,0.2732978766371016,14.08992181839644,1198.8281674959076,1181.0330836948885,1208.113618112348,1199.293487873097,0.8994954381770615,3.4761521682244463,1,0,0,0,M039,2.88,battery
214.9,1,17.79350874476036,47.03422571191416,0.8967173073398709,16,0.9298372333646044,0.10906292513455947,519.9073853672646,0.07010161791496056,14.444740623552995,1201.7974823963098,1221.6158992470757,1244.4806889099675,1194.5438197785604,6.765380345185707,4.852331727404511,1,0,0,0,M039,2.88,battery
215.0,1,17.962030891864945,43.58985486922157,0.8966926001801274,17,0.8686303449447224,1.1024798262035795,502.43516952928775,0.04099957539647941,14.814030867512502,1206.355406910657,1212.2555798263618,1218.2917421479945,1190.7216500410264,1.386171883953885,4.599385069340416,1,0,0,0,M039,2.88,battery
215.10000000000002,1,17.634145590003264,45.39788494213944,0.8966625844863488,17,0.9753275091690657,0.33530370667326015,521.3712684860437,0.2972549208950595,15.028971184311485,1223.7566224105044,1239.3872500534906,1228.6480360892958,1200.4874713035572,2.419293865165747,3.9969692909761347,1,0,0,0,M039,2.88,battery
215.20000000000002,1,17.970252685156904,43.86451383392137,0.8966404504092622,17,0.976702378501922,0.2804336118320965,554.3293295610832,0.31555311690581134,14.944628106245544,1215.3274761917983,1252.2254677125156,1199.002018921027,1195.966872785914,1.2770960671769214,2.2261274986998414,1,0,0,0,M039,2.88,battery
215.3,1,17.72379639185649,46.79646217548964,0.8966138136952675,16,1.041363310676318,0.9512566911573008,524.8188937076467,0.12799592673792665,14.755140206037453,1194.3948783857156,1160.0328065460874,1181.1886162085038,1203.9086759042477,0.48162036811055897,1.8076890824627851,1,0,0,0,M039,2.88,battery
215.4,1,17.687629061608106,50.373190499878135,0.8965796095091945,17,0.8388883951784137,1.0185495126706272,527.4297231850259,0.1299653054946979,14.906344297821292,1202.4375357131005,1228.3863823148963,1226.6057842716762,1194.0021785795036,1.2612039341997077,4.75559395647408,1,0,0,0,M039,2.88,battery
215.5,1,17.74734497656641,44.29548605399335,0.8965465283426809,16,1.042627714856004,1.3571759181162564,505.9899534620838,0.14446381887730245,15.771400068190186,1176.8146847836617,1219.188250231482,1219.2482202025503,1187.6006615286408,3.387638403680061,3.2699881161254947,1,0,0,0,M039,2.88,battery
215.60000000000002,1,17.605083539962834,42.21247713154711,0.8965163951112703,16,1.0219802643892646,0.4742786464431451,503.2933484835837,0.05546810667673778,15.721527976983841,1211.0288551529652,1209.3533353927603,1209.2124195669762,1177.0115672531363,6.4772208090612375,5.166050370754979,1,0,0,0,M039,2.88,battery
215.70000000000002,1,17.752640927410667,49.935185196478685,0.8964785850365395,15,0.86737051246922,0.7799424948207512,488.15237741348847,0.13185585305886877,16.39238738360609,1190.9567535514095,1169.2086038156747,1214.844141358362,1220.5765152004833,4.741268220961978,3.1821257661323115,1,0,0,0,M039,2.88,battery
215.8,1,17.5522612484879,50.36910201925674,0.8964487229613006,15,0.9815527626321954,0.5525235989014697,507.74101435220973,0.1809167364020989,16.3480938602112,1233.164567953548,1199.5103411516043,1211.019023184425,1163.8233900842904,4.8989367805199375,2.6976209585694084,1,0,0,0,M039,2.88,battery
215.9,1,17.73806338193432,47.58688841489962,0.8964126496972167,17,0.8928803862439308,1.0472070800893956,488.3759523809066,0.07919786025189776,16.025060498807264,1219.9997662592762,1178.052589195509,1189.7925335657465,1212.2703067011894,2.4178874508869037,3.90121414493375,1,0,0,0,M039,2.88,battery
216.0,1,17.775278690485006,50.159132155339265,0.8963831717462312,15,1.1840860202423102,1.0798771208040636,499.9241485861307,0.06992677866792969,15.796446091080135,1213.154786422785,1208.0059017440387,1212.7639908980093,1216.2917319786836,3.2904050509077565,5.413548171312055,1,0,0,0,M039,2.88,battery
216.10000000000002,1,17.494213874617735,48.63072323813403,0.8963429986688008,16,1.0782763388085943,0.6258751467932231,478.3937401238868,0.1532207211313487,15.793937934210751,1184.011079604113,1166.2885583470947,1184.716463903666,1212.3359044060196,1.175865732794105,3.390979546440942,1,0,0,0,M039,2.88,battery
216.20000000000002,1,17.549063433509865,48.08108463544792,0.8963083289932152,17,0.857416578510915,0.2507972764807253,525.6052924622844,0.06543706136660922,15.989558232648298,1194.3499271224757,1236.8348480648356,1182.7509163108646,1193.6928166693776,2.485189090801877,3.9057123908721154,1,0,0,0,M039,2.88,battery
216.3,1,17.621683876592147,42.4160329063419,0.8962795863872893,15,1.0068385395668609,0.5397816441311242,506.379720645668,0.09843774181046991,16.14483952081841,1191.5302226609726,1198.9871431813106,1173.411707327393,1202.1417343174182,2.182087258363432,2.4898175572637595,1,0,0,0,M039,2.88,battery
216.4,1,17.605869170857222,47.19921643185011,0.896246365792492,17,1.046454488970513,0.9796595562445829,491.6266453958975,0.05877620057611106,16.336367166241576,1179.5406661294548,1151.2096881915136,1188.2446792610401,1198.6899568725325,3.6380018525527587,2.1724619719814733,1,0,0,0,M039,2.88,battery
216.5,1,17.75908798867658,40.993296391991606,0.8962175439393737,17,0.9236730074956154,0.735386174731085,458.4261082416003,0.009835872030100896,16.525437254869708,1176.918548869825,1160.0068733535218,1217.462700283819,1188.5986208567065,0.9425950541492378,5.4097785716242,1,0,0,0,M039,2.88,battery
216.60000000000002,1,17.750949154314597,41.783908937228965,0.8961890991584471,17,1.1117256247992082,1.5153904499087811,469.7220082359906,0.12955632215190532,16.33080403177428,1204.8541221927937,1207.8431627716623,1218.0746625137444,1192.9631781056767,3.7945466236233054,5.220453961520599,1,0,0,0,M039,2.88,battery
216.70000000000002,1,17.792528084532478,43.79760814436588,0.8961562902841438,17,0.8548535049970948,1.1285130219442572,528.9551167128827,0.05045474620261415,16.233953755741393,1166.8812167438723,1230.8922900751406,1201.0629716127587,1161.7351319537463,6.841061711796262,3.045253554452497,1,0,0,0,M039,2.88,battery
216.8,1,17.36229001610657,42.11209332136969,0.8961186869664127,16,1.0944065682653292,0.8446562501828889,522.2314969433409,0.2543507738719097,16.145719969737275,1168.4838307581695,1218.402713369439,1179.1725543521688,1222.1587739792403,0.8834514547774031,3.378080373615272,1,0,0,0,M039,2.88,battery
216.9,1,17.386557416218803,46.25218673502954,0.8960864104477855,16,1.1621036142752643,0.38401718849578204,509.11645723579693,0.21340544057469732,15.994143872424287,1207.8416851601676,1175.7637708635582,1170.2392374617286,1181.8239569386726,2.2843990667071488,3.1509044451782824,1,0,0,0,M039,2.88,battery
217.0,1,17.610489378149673,40.56508223626364,0.8960587936504028,15,1.0172741504669582,0.38820770933029547,497.27068698641443,0.04645997395408073,15.593026551344765,1224.0033568479485,1129.103778643758,1222.447373916234,1185.9262953354364,2.950201066084239,5.185031761887875,1,0,0,0,M039,2.88,battery
217.10000000000002,1,17.478486671690817,51.254645331833544,0.896035937656062,16,1.082981301248351,0.4869963414364825,505.5731978884685,0.2817160190261609,15.851314893272349,1205.2416439716835,1252.1178112273808,1148.9087168528133,1208.3261234028716,3.592539013029521,2.9754022615829605,1,0,0,0,M039,2.88,battery
217.20000000000002,1,17.475812204860294,49.17492922600694,0.8960096808991207,17,1.1206251022857123,0.6487256055746129,491.92533451053816,0.30201601191423005,16.369659499435272,1211.4279283711096,1152.37875998044,1208.334162716597,1233.707230738606,1.7943664799007626,6.371295608735102,1,0,0,0,M039,2.88,battery
217.3,1,17.28983002533772,50.69009294523157,0.8959740767046256,16,0.8364722478229372,0.4736110171601905,520.5492011644692,0.19380359761107402,16.270502112361108,1220.0340628674771,1192.7129988137876,1185.368898398511,1172.5128171378126,2.733280941835465,2.287760426834442,1,0,0,0,M039,2.88,battery
217.4,1,17.402777332269245,50.69340326049878,0.8959446105635469,16,0.9137446682711063,0.6188924482164176,475.140677682426,0.07973717232868344,15.877428903581103,1189.5745197512888,1205.723353400875,1185.51793102743,1158.7265820449613,6.447929239277409,4.712786855638429,1,0,0,0,M039,2.88,battery
217.5,1,17.5071716763046,48.12728195208213,0.8959087819376271,17,0.9165494748246945,0.08598178987078989,514.2631006215262,0.17726290270772935,15.873857679188331,1192.83005477175,1190.939651731329,1248.380967546695,1214.3931259769538,2.953150820951169,4.644885164074951,1,0,0,0,M039,2.88,battery
217.60000000000002,1,17.620894636976544,58.014584087075626,0.8958722266413314,17,1.0743058709530606,0.7669038556250714,507.3632817385379,0.0632064003825058,15.932258474821797,1209.6053867685725,1215.3859853149984,1211.8415191814415,1189.5194125207918,1.7886698243713108,2.5691981822314136,1,0,0,0,M039,2.88,battery
217.70000000000002,1,17.366614870658648,47.50561355471296,0.8958353273143111,15,1.0021200380593123,0.4580115573652368,530.2247108569674,0.032823083453936044,16.057846245610804,1251.6177732342544,1192.0901796050741,1208.4240547196027,1220.9723377021398,4.132201887082567,3.7010659244041917,1,0,0,0,M039,2.88,battery
217.8,1,17.48275476653166,48.10386458046804,0.8958036220551756,16,0.9652157410078251,1.6095520879788792,518.4914766683149,0.057686313969150575,16.225146623027946,1172.1649255634143,1164.224225451093,1191.9549023106722,1201.7075291126569,1.981740885330529,2.667060433416564,1,0,0,0,M039,2.88,battery
217.9,1,17.37010520485678,52.62405211823945,0.8957686270076384,17,0.9475176824566451,0.8133273720478587,510.73205435617535,0.13499233172668718,16.62084877849633,1228.6312935621013,1171.9127732821266,1192.047565149716,1188.2965985815276,2.2982408886414367,3.931546867493962,1,0,0,0,M039,2.88,battery
218.0,1,17.476526132619064,46.6442335133915,0.8957348065738076,17,1.0262128280648402,0.9887432307174053,505.901996875345,0.28432386031985035,17.098154248721457,1241.6396643217552,1174.3218497526511,1213.7964267752768,1230.2946239243447,5.9062252424983015,3.30620995783229,1,0,0,0,M039,2.88,battery
218.10000000000002,1,17.42874119414592,43.18258715782519,0.8957070616417101,15,0.9206013379981248,0.44456885904940957,498.9656310653459,0.29001130262542874,16.578906785855597,1205.2324617764878,1168.6969944112132,1192.4080544004712,1204.2289805697355,0.40154301916327295,2.503799837980355,1,0,0,0,M039,2.88,battery
218.20000000000002,1,17.420794162934605,49.06003906514232,0.8956732494414257,16,1.0564504340944953,1.1107339438746795,477.65336760144254,0.23120633468862686,16.717127582754795,1158.4599368283043,1138.7348022824328,1220.0254966549846,1182.927397513911,4.509494082756129,1.786084417033107,1,0,0,0,M039,2.88,battery
218.3,1,17.416960236087824,50.48893198583393,0.8956423154336068,16,0.9089809456099597,0.921401958892385,495.74313463168505,0.1524271459976655,17.3641540208473,1197.454295210807,1160.335651016791,1203.6702646713575,1198.3120267101322,0.40819735020084624,1.9045632549729972,1,0,0,0,M039,2.88,battery
218.4,1,17.39130676959535,50.408977286827344,0.8956080049407757,17,0.8435769638760136,0.20523079164390456,488.41700317235535,0.1317511795577578,17.22609249444419,1147.4663796100197,1198.413767820989,1190.730421506345,1222.8418431509353,1.8956767683541003,5.527398639226316,1,0,0,0,M039,2.88,battery
218.5,1,17.390161465550456,48.68192908281697,0.8955772439879462,16,0.9609180169610103,0.5586198428080585,487.29753670796924,0.08969860159682524,17.10876158131654,1159.5893468610714,1202.839347030572,1201.2749694133947,1134.0223921882343,2.5953930769003115,2.4849517243895414,1,0,0,0,M039,2.88,battery
218.60000000000002,1,17.474275357870145,41.36546414641133,0.8955465946786573,17,0.9021627573738353,0.6031391335393346,508.92783108593295,0.13068965920920478,17.516277520912,1234.542823994074,1193.4120740926528,1214.3962231268729,1191.0847259248897,4.169556705282819,2.3549084472631003,1,0,0,0,M039,2.88,battery
218.70000000000002,1,17.538027316638967,46.28693831600393,0.8955159735036027,15,0.8996783410766853,0.5364234920484492,486.6938174991437,0.07175256617506033,17.385699953653365,1231.9145534680777,1199.1678804070848,1222.3428610956703,1108.8346196320315,1.164447320505338,3.9995048289725497,1,0,0,0,M039,2.88,battery
218.8,1,17.206800574191526,44.9519840824737,0.8954803077391473,16,1.0153785450035193,0.687450984776111,521.7727006079726,0.14435351049682735,17.461924572125422,1170.7931471966594,1182.8284403041478,1205.275861443964,1179.6360561846698,2.8890532408549268,2.2518069480604685,1,0,0,0,M039,2.88,battery
218.9,1,17.31238117354959,47.76071875194226,0.8954482963594287,17,0.9607716971160958,0.46164044570079377,510.9207157711068,0.13131703103996784,16.957912371924547,1212.716154252061,1234.2658256501522,1177.5601481868812,1186.2912335026426,3.2627702203498257,3.266939907597196,1,0,0,0,M039,2.88,battery
219.0,1,16.981492947492256,48.996188063087935,0.8954103173685476,17,0.9596171897220808,0.2681166773395353,508.78602669195766,0.29067944188790285,16.984941003282678,1153.7780304269997,1186.9139868352972,1198.5604823417775,1216.8039501949331,1.7741390578886196,4.573146902109495,1,0,0,0,M039,2.88,battery
219.10000000000002,1,17.43753660644524,48.77598076464257,0.8953843533503686,15,1.091230070810548,0.2946801192658032,495.2179441471027,0.12851295439536237,16.8046072398932,1216.8059094559187,1239.9101823497576,1191.1534484924591,1175.4100256362383,1.4616845377760002,5.5743676511368285,1,0,0,0,M039,2.88,battery
219.20000000000002,1,17.344085734179558,48.18132150294468,0.8953520217630612,17,1.2307070378916776,0.42483049018787616,486.5203216302257,0.05223825991592115,17.14717199969923,1184.189154596465,1212.1932359063437,1210.691966628757,1237.7541275791564,0.7086691489844076,1.6444362336502398,1,0,0,0,M039,2.88,battery
219.3,1,17.399360044363576,48.40275554286761,0.8953186715150177,15,1.0622001684786375,1.1431917585864722,473.0646895296872,0.15874551943270457,17.077279959300938,1163.0310504407933,1145.1218819166422,1193.9505370150332,1178.6185502745213,2.3013130728716655,2.7997322879512216,1,0,0,0,M039,2.88,battery
219.4,1,16.993631276577766,50.835751965025494,0.8952843880087493,16,0.9323867633718828,0.7599052347971516,499.71916809112196,0.11647461095509368,17.17495471424124,1211.1500245286438,1190.0665178720258,1173.7214976967932,1225.6802910787947,1.3712081564727514,3.182936793179442,1,0,0,0,M039,2.88,battery
219.5,1,17.08934550438275,50.57248776737089,0.8952553866228482,15,0.9507411866457401,1.5547200754330706,487.97376503023406,0.021382908919703635,17.15734130981927,1187.84154081249,1217.6146194086768,1187.041607966702,1244.1640312260024,2.006127292495415,1.8650935482367732,1,0,0,0,M039,2.88,battery
219.60000000000002,1,17.249351552311104,51.37530013239575,0.8952250139564197,15,0.9060123545259208,0.8995804298709325,496.84838601756235,0.046499118476117304,17.076566815227665,1173.0849938404915,1189.1577634575506,1180.8983976269642,1221.607131014695,1.938656946738253,4.1471156052071,1,0,0,0,M039,2.88,battery
219.70000000000002,1,17.230355027046706,51.7585580562406,0.8951965269642158,16,1.067635804107212,1.4345177771215343,476.6800819065519,0.07198037516109912,16.89586684284253,1204.378437513026,1194.854086137992,1235.4408036846191,1195.5396678786303,4.741430449415143,2.8399307369056244,1,0,0,0,M039,2.88,battery
219.8,1,17.312880400295622,50.46718805389288,0.8951647256256141,17,0.9006359656774127,1.4058131347957852,510.93556629327423,0.05097589361620372,17.042437605399417,1211.1908695819147,1169.9116512301687,1145.4918540532449,1237.4816035525412,3.5493336414561427,3.5925340746845986,1,0,0,0,M039,2.88,battery
219.9,1,16.98234751558921,47.78913329570194,0.8951334201893942,16,1.016249322833027,0.8051154896036923,506.6027062531752,0.2453525397095928,16.814604225467836,1223.0837609190376,1227.2485396181003,1206.816209077706,1160.1729118002224,3.6525735169766174,2.7078881145785285,1,0,0,0,M039,2.88,battery
220.0,1,17.35383809769903,44.69842371907219,0.8951033285014626,16,1.0182824644714297,1.5502521637864919,513.7227879183318,0.09552806207769872,16.938002065784985,1152.1530503177155,1217.6317078613192,1221.6143084479106,1231.4757367019615,1.8435370597277703,2.0225895025112965,1,0,0,0,M039,2.88,battery
220.10000000000002,1,17.292309622823772,48.779955838092505,0.8950786036186523,15,0.9575110697728055,1.1277533819911278,528.2706482244486,0.2080213010085986,16.84828540340802,1232.2803422738018,1198.6965366529266,1203.8360387517569,1165.0032778270274,3.907267964074494,2.0164420983919866,1,0,0,0,M039,2.88,battery
220.20000000000002,1,17.21409599128718,49.24388653175254,0.895045982019038,16,0.9621218608371749,0.20485929791060298,512.691819513769,0.1408153250308492,17.126920738281076,1190.3100820880818,1139.1080345862247,1162.7074720048513,1197.6242164485948,2.795418355094146,5.105762061676337,1,0,0,0,M039,2.88,battery
220.3,1,17.13659676729012,45.05664832925827,0.8950160381139639,17,0.8563026289316682,0.16708985294186837,482.31441979210166,0.12286279725216878,16.7240652351841,1212.006725688521,1216.9186781622786,1221.4012567876366,1200.148124471161,1.0330922088780303,2.2745448400009023,1,0,0,0,M039,2.88,battery
220.4,1,17.167208974566304,49.18623443021643,0.8949897475603918,15,0.9229066287793286,0.9355905982268384,478.7676163441377,0.09714228412272484,16.44929439614503,1203.7178336412005,1136.5615767021482,1209.7006708473907,1214.6922236024689,6.6939146607637605,3.1449504775461743,1,0,0,0,M039,2.88,battery
220.5,1,17.22177941744987,47.67486426146433,0.894959036911293,16,0.897652071609329,0.4206721871951005,470.3886598747276,0.06201098278909398,16.62267683315891,1221.6031277590273,1205.9339544728007,1216.7568499410975,1267.2754002583847,4.646568393742094,4.999426083295163,1,0,0,0,M039,2.88,battery
220.60000000000002,1,17.02836104294945,48.31440127478306,0.8949380182670137,15,0.84518073690551,0.5014347334531125,499.99352310911803,0.17885059624612176,16.501976649092267,1176.471493207151,1198.1664968615862,1198.109329128744,1193.2970527617313,1.8136570475479876,1.671109147740041,1,0,0,0,M039,2.88,battery
220.70000000000002,1,16.990165037834537,49.42991117335676,0.8948994990216436,17,0.8638957507204978,0.27876911175301833,543.5053108648312,0.0982835811314324,16.426230928891247,1179.0480144292267,1205.4141562439008,1192.3284120262606,1157.849607444204,3.051618304281639,3.0992367141784487,1,0,0,0,M039,2.88,battery
220.8,1,16.879073543734574,40.229765841049144,0.8948707240605708,16,0.8616828368595532,0.40320630934825724,485.32109183578865,0.17324578072035796,16.3764163855851,1230.9949864620903,1221.470154224883,1190.1900244840792,1234.2105461100675,2.9472654376370535,2.4981747187291243,1,0,0,0,M039,2.88,battery
220.9,1,17.004410065669983,52.913106213102566,0.8948416616761022,16,1.2033677348259708,1.518135173098604,480.79429015835694,0.051186190917694614,16.52754625557426,1214.3518534652464,1179.2334357181198,1201.8759811467608,1218.5997443077526,2.800822105092728,2.9526223455779723,1,0,0,0,M039,2.88,battery
221.0,1,17.057761505482993,40.07676636330279,0.8948125736664445,16,0.9854244037576194,0.25859274944316735,462.5390402226601,0.09073730950038071,16.981449354412785,1201.7952838183369,1248.606551967754,1217.8203445879965,1209.0567965050452,1.583895690862309,3.1423261412695798,1,0,0,0,M039,2.88,battery
221.10000000000002,1,17.265707301523392,49.89823002319711,0.8947792959236966,16,1.07776409247848,0.8843035077326715,509.4244600593667,0.1520814629288193,16.652063265922305,1192.9056026912915,1195.6345039537487,1223.2510544896386,1205.147071621717,3.858899705179198,3.3101063912590067,1,0,0,0,M039,2.88,battery
221.20000000000002,1,17.014963951786182,56.07005265598177,0.8947484933168252,17,0.8225747189991063,0.636385656409056,505.1468256427352,0.12978366340907113,16.48258701224153,1196.7159257662433,1205.5626475029437,1192.254542789161,1187.5067739409608,1.2167061918149558,4.323249349991249,1,0,0,0,M039,2.88,battery
221.3,1,16.930026885800295,48.70431930492014,0.8947232425360423,15,0.997824359034861,0.4933922924267834,483.56871550653744,0.10604015618529265,16.576780591429877,1176.6121965977213,1199.105681088795,1177.795755263216,1189.0880305968215,2.369730132292332,2.69311762209032,1,0,0,0,M039,2.88,battery
221.4,1,17.098987795039314,50.84460742598051,0.8946913804189475,15,1.3074319595519468,0.4472236872150329,518.4418652442051,0.12968707769998503,16.19821641609047,1177.5769664914155,1205.8872511545242,1206.7342920784026,1239.0347152194588,2.2945668992894688,1.815469331103591,1,0,0,0,M039,2.88,battery
221.5,1,16.659791564100807,50.141216267864145,0.894654414897428,15,1.0547544433947595,1.017595643653452,470.7065897292021,0.2579164923538017,15.920446309524355,1247.6647561448012,1153.3193562706294,1179.7665854598692,1218.5540604605856,2.938292711687959,3.9400495407457115,1,0,0,0,M039,2.88,battery
221.60000000000002,1,16.81666105662722,49.84602284872919,0.8946241314834966,17,1.1261968280759729,0.6755364850988461,491.55853848803787,0.2140013877493614,15.472567598388816,1190.235001337333,1218.8252835880767,1180.9961982803122,1193.0978336205496,1.8535170836954518,2.018457778011407,1,0,0,0,M039,2.88,battery
221.70000000000002,1,16.80124651083525,55.32629551314754,0.8945899026060996,17,0.9994242847092812,0.13939150886240909,493.22620111275245,0.17760180954167495,15.014088555317697,1243.2359817881413,1198.7836840532411,1209.6230268513307,1211.7045901220836,2.582447666139382,5.022904811242607,1,0,0,0,M039,2.88,battery
221.8,1,16.90582910908656,47.00698668878805,0.8945584745876248,15,1.111456379597073,1.5110320693314336,516.1094260029467,0.1359144969079023,15.205090358897312,1207.8261776467264,1209.8176809578567,1184.9376389290119,1209.7219196006595,5.673727230184014,2.6178328606047563,1,0,0,0,M039,2.88,battery
221.9,1,17.151792863440928,53.98088578493202,0.8945267121904521,15,1.0867506637560784,0.5792155189212796,464.5296793837489,0.1253312781219382,15.496311637312173,1217.4396244744396,1195.8078319249034,1225.6467641101083,1214.9576480215503,2.31376968324102,1.6665124905954025,1,0,0,0,M039,2.88,battery
222.0,1,17.02778237332075,50.48010761246995,0.8945007219543031,15,0.8715823913762801,0.22567018822933083,530.4710080316484,0.10514593260647442,14.954736241133297,1193.6500489707798,1185.2727641452227,1187.5912626050779,1182.437866181546,1.9396087063427874,2.4091869070491896,1,0,0,0,M039,2.88,battery
222.10000000000002,1,16.964719102299117,54.02435067421906,0.8944702374659812,17,0.9503173116716874,0.42419907581640304,476.48689268627237,0.10035782601051135,14.249808428611598,1211.3696031104755,1202.6222939328566,1202.1637196054417,1193.9236579736435,5.904977719117119,2.5010846546418866,1,0,0,0,M039,2.88,battery
222.20000000000002,1,16.88103382513612,52.523595409395654,0.8944389006342176,15,1.1017866924946875,0.3450303941529718,522.1733965237914,0.05226609047508536,14.513375565946495,1202.6930413203368,1218.686944795273,1207.113094647556,1220.293788284155,2.2653873521670467,3.725956723555491,1,0,0,0,M039,2.88,battery
222.3,1,16.887456612850606,47.55654888563364,0.8943975016614648,16,0.8638258747274832,0.479127701464977,493.086331036663,0.1716338962814526,15.144745295509907,1157.8638153724896,1187.346680892871,1168.4551747062467,1180.141869507972,2.6934675775457064,2.936490455779283,1,0,0,0,M039,2.88,battery
222.4,1,16.594743200423817,51.45682873637133,0.8943650591029133,15,1.1552456738880643,1.2602279780828272,522.6612580209999,0.028760550905008526,15.330474359254879,1178.6919157671075,1233.1693046693872,1177.8255459033467,1184.3089685748575,2.9977154981363623,3.3690223174807516,1,0,0,0,M039,2.88,battery
222.5,1,16.829274262265173,49.288124578076285,0.8943255909257105,15,1.0261146951752003,0.4053257424980161,512.1418639498269,0.2890835913754982,14.87736858378156,1200.8378527505538,1193.228530962659,1192.7966643001423,1206.1285725992157,2.4904718826409042,3.690068571837921,1,0,0,0,M039,2.88,battery
222.60000000000002,1,16.751060862987202,57.984732539589295,0.8942915604660231,15,0.9829699476500198,1.4035013350164238,513.1872097871045,0.026908964258275027,15.08983764149415,1214.858066309988,1192.5128971295944,1250.6964536511268,1212.3105941525162,2.4374049700604945,4.924803094870102,1,0,0,0,M039,2.88,battery
222.70000000000002,1,16.884723442009616,53.3657242632001,0.8942593443108722,16,1.0021378409493866,1.131959125014607,499.37379840907533,0.016681747439135183,14.668741716505998,1173.2878544529758,1178.5457863487773,1241.3456584372902,1210.6781857619476,2.384226782317451,2.0141311765777714,1,0,0,0,M039,2.88,battery
222.8,1,16.802480111076957,45.69377200835106,0.8942337232921128,15,0.9041731482149681,0.669151188416166,489.4452976201811,0.08232289428988197,14.550954283972448,1227.2761658818538,1164.7104316395885,1167.5304118953825,1175.5214352142975,1.3814936953022934,3.945087190648284,1,0,0,0,M039,2.88,battery
222.9,1,16.654313044391888,50.92109093351766,0.8941996075493056,15,1.0306631226683154,0.6443021843057973,523.4712048437906,0.15254149687223703,14.258865290046831,1190.9429792690335,1198.845168455171,1182.948072339982,1168.85394611659,1.8081552351336845,1.7023713963899867,1,0,0,0,M039,2.88,battery
223.0,1,16.918569162250055,46.10457706902233,0.89416719559942,17,1.0202983539341015,1.2831285657650529,531.401569264313,0.16209242684067005,14.59073271636352,1188.5899310738776,1189.9305394059393,1178.4474010018835,1214.0427551955815,3.8649724153392784,5.059788442643537,1,0,0,0,M039,2.88,battery
223.10000000000002,2,16.137183062371527,86.67563624198647,0.8940249533170255,17,0.9481884409591076,0.8961261459604248,506.96545537233106,0.17462154137943056,14.70729106273466,1526.2633160747346,1540.2324708633676,1560.1311773305383,1547.6147249594558,2.1934605845661,3.9952322176471373,1,0,0,0,M039,2.88,battery
223.20000000000002,2,16.32772635173104,80.25120614616408,0.893876073583783,15,1.082430930915647,0.5072460451108626,470.4297663363928,0.06435108195747105,14.130608253929694,1563.3184416114354,1554.913619707876,1562.9421164404005,1560.5323557232684,4.729481949700034,5.9746232823177765,1,0,0,0,M039,2.88,battery
223.3,2,15.921662934473733,83.36456493695991,0.8937269097446447,17,0.9054942398240362,0.7150638048833216,506.7126469070017,0.34742668753433203,13.919489869458513,1528.444479050912,1559.3436655326452,1542.609789414744,1567.2559238296228,4.720923449137361,4.2090290245603725,1,0,0,0,M039,2.88,battery
223.4,2,16.43507578159099,84.68776994068668,0.8935771459462314,16,1.1003407531297005,1.408557211614725,514.8733186792638,0.24535722899327125,13.976283103907402,1530.3672527146155,1536.5221505703112,1562.2972278389682,1582.1671085927444,1.2288049204182219,3.9270866043951003,1,0,0,0,M039,2.88,battery
223.5,2,15.944322003410047,85.4195565668294,0.8934267100360798,15,0.9936865935448933,0.4611560151527981,503.6444974915747,0.06108943610485143,14.192905197142341,1586.819808970276,1573.8709746547509,1560.0249726131383,1579.0782362396146,0.9240895323674801,4.13594155216645,1,0,0,0,M039,2.88,battery
223.60000000000002,2,16.023968575466753,83.78020396228607,0.8932807858786959,16,0.9947060114042352,0.42183617091717307,501.9947804669036,0.052573738978627174,13.53289272832965,1548.14540604715,1591.740944569265,1589.386690905474,1557.8554691008935,0.5765168976575739,2.718289851527369,1,0,0,0,M039,2.88,battery
223.70000000000002,2,16.24361658438827,78.73671789260894,0.8931354662123289,15,0.9151590378257811,0.6769510982383002,492.85122416731963,0.0855450863157736,12.946041781183142,1511.6948748382829,1547.0354730828856,1513.6508483143318,1520.3858064173708,1.3007932383815186,4.067426928126099,1,0,0,0,M039,2.88,battery
223.8,2,15.927691955785608,80.60025388988767,0.8929899657711869,17,0.9632218744971033,0.49079371219242207,493.47685273021403,0.08237540554165088,12.773526339274648,1541.9606544631747,1524.6387464142597,1508.6090860440547,1554.181745038311,2.4267829400725165,3.337163891454721,1,0,0,0,M039,2.88,battery
223.9,2,16.125217210848827,79.57358452559917,0.8928458747389172,15,0.8723520581595362,1.1433403098271449,514.1975685594855,0.045428282366517046,12.537773818470455,1574.00642758505,1544.2425184269264,1527.2213590517233,1531.3255061713744,5.131791304590784,3.990420959281182,1,0,0,0,M039,2.88,battery
224.0,2,16.318564668606232,83.78203852426103,0.8927049486301657,16,1.1283893672819385,0.750417383040437,486.8192693440402,0.12144804131499201,12.51824875590544,1527.3319206043807,1557.3260155738271,1507.1173434132677,1579.182583299241,2.79449308445047,2.071986694740509,1,0,0,0,M039,2.88,battery
224.10000000000002,2,15.805509173070162,81.4363481442798,0.8925558773124653,17,0.953975479825649,1.0579847706809358,474.6810370601548,0.21729838394872603,12.311798511622621,1572.9585742231338,1525.9206219256414,1555.1527312012092,1508.47766404234,6.524855521251347,3.0041982353030976,1,0,0,0,M039,2.88,battery
224.20000000000002,2,16.1098123597123,80.78873992577218,0.8924175489312401,16,0.9446242000238982,0.8610522537533816,497.05157710280577,0.07433631514833246,12.525951778232935,1562.0965837854312,1534.8460989101106,1564.3271624732624,1553.4280325399789,0.798644247883449,4.086274728997159,1,0,0,0,M039,2.88,battery
224.3,2,16.113873052157246,84.3444468760857,0.8922685701266946,16,1.1301462856248266,0.1231248286067109,500.0057480273281,0.01292936895748685,12.053254921996768,1535.7005748919025,1548.4798502536592,1564.6301898368135,1545.9524080022618,1.1582180207709971,2.1737094662920575,1,0,0,0,M039,2.88,battery
224.4,2,16.13834452685645,82.64469398190332,0.8921175041566509,15,0.9348440206686799,0.898416585390151,494.3522467428765,0.1748687189943524,12.38007206849383,1586.2720019508506,1549.0568982409363,1533.2884565898723,1541.7273681739005,4.009122529460956,3.16401446917233,1,0,0,0,M039,2.88,battery
224.5,2,16.199482998085887,85.92256796461801,0.8919682533335693,15,0.9326394296833327,0.2550041363494132,457.84785083584256,0.03069379748370197,12.861770082129048,1521.216890637856,1537.387701723875,1560.6094717562714,1561.045541900018,5.172785157554111,3.188915667172619,1,0,0,0,M039,2.88,battery
224.60000000000002,2,15.759339982885635,87.17511362085631,0.8918287907575175,16,0.9238188934650824,0.7253404557669871,507.77181606577784,0.2755964125777751,12.58670000628827,1564.4326740758102,1557.5332584572818,1537.690668008702,1597.256318755732,1.5987671304497828,4.878357621640542,1,0,0,0,M039,2.88,battery
224.70000000000002,2,16.209183079443683,79.1174792143257,0.8916805050811842,17,1.0672811720215487,1.5072213912821728,485.1374979617591,0.1537051771656268,12.099888750669912,1576.4228896741736,1517.7840140053245,1573.7996081276017,1562.25937223241,7.537021939926421,2.1475745251407723,1,0,0,0,M039,2.88,battery
224.8,2,15.928657038872807,82.78133125389857,0.8915338477360445,17,0.9388008336172662,1.2270169462166598,507.9507978660801,0.051073447430289805,12.48501475000887,1529.927643386219,1557.0877465189933,1537.2810240994481,1559.6065476539072,4.902808183149026,2.177423112797531,1,0,0,0,M039,2.88,battery
224.9,2,16.08809768269583,82.89738992119365,0.8913926550511893,17,0.8434174383155809,0.7928395925617883,532.2354236694792,0.02353328328139239,12.57554301077236,1561.2969439126616,1539.0167317123041,1556.0675134048,1569.5612928619487,2.131996756159091,2.8672181085454405,1,0,0,0,M039,2.88,battery
225.0,2,15.8265607024424,93.6799635917393,0.8912436782943658,15,1.0495715929216616,0.5635548235346234,509.19256594188465,0.1421632911574307,12.825758776484326,1612.8079286250068,1589.0982574698085,1567.0384301505596,1575.6197981016774,1.6628579735175073,2.823961875732556,1,0,0,0,M039,2.88,battery
225.10000000000002,2,15.742462570413805,81.16260637489688,0.8910979940925117,15,1.0182987554410565,2.264460490768425,490.75360915339286,0.1318812196567265,12.282852836019048,1529.2853209915802,1514.5640205692378,1532.0828090652928,1523.1789679811616,4.412696010119262,3.24089663219213,1,0,0,0,M039,2.88,battery
225.20000000000002,2,15.91242161711644,88.55425906675607,0.8909501348067798,17,0.8734361949118317,0.009305350066262322,504.71679237164193,0.19837023129108206,12.09321395803068,1534.0186734140239,1589.3673252717676,1518.1770187322572,1564.9517417046607,3.7600127477134757,6.404645972100225,1,0,0,0,M039,2.88,battery
225.3,2,15.843676105769797,85.39676550853827,0.8908094235428249,16,0.9920794197243625,0.8299911489020665,480.13714681620013,0.16599588513545296,11.853689919876429,1560.5455587165436,1561.3743764459794,1577.3481221635252,1549.1519029725528,5.221412767521574,2.7819281207127706,1,0,0,0,M039,2.88,battery
225.4,2,15.906601861020293,82.71396922648,0.8906587928636653,16,1.0682130257310154,0.28280385564923394,489.00553126865196,0.06138703967964982,11.481901983968893,1573.986455394562,1602.66908655922,1535.5164103977925,1572.4936338340258,0.7284347382997408,4.823960886151286,1,0,0,0,M039,2.88,battery
225.5,2,15.788087047128379,89.8413624915795,0.8905150783475482,17,1.1077497965293743,0.31336182869098983,506.0548676973964,0.03734734691037475,11.232989599787626,1537.9674991402621,1596.719983880975,1559.8808368393397,1567.5426803622265,1.4200453519937453,3.669854877464595,1,0,0,0,M039,2.88,battery
225.60000000000002,2,15.891491838639384,82.26113433074735,0.8903635456327097,17,1.1257631917355966,1.4331371969519429,507.1511264597107,0.09105576777257815,11.12435403467001,1560.8732934659186,1580.1122354506017,1532.900735499043,1539.9675512638928,5.717638040551334,5.8845075848094925,1,0,0,0,M039,2.88,battery
225.70000000000002,2,15.766075045192725,80.16674937160454,0.8902180873610324,17,1.0265436627714397,1.070304584499903,501.7696366072039,0.05767005001335024,11.340729719972655,1551.565066257783,1574.9151110806934,1544.3168645281262,1572.6066276649726,1.096666819334673,2.1822744612519767,1,0,0,0,M039,2.88,battery
225.8,2,15.7683674994181,85.30171256961304,0.8900770036112577,16,0.9378167343037842,0.12448459063262493,506.2108393496031,0.17404229865904441,10.560950353622845,1604.2102203985933,1541.2488885496505,1523.1449431371743,1473.8566403358964,6.7135682434901405,4.693304330613709,1,0,0,0,M039,2.88,battery
225.9,2,15.587956548354674,85.0303413332596,0.8899313655553374,16,0.9787220149563539,1.8102866647952802,477.0857002922236,0.1441921172658373,11.293066539265926,1539.6724035512111,1545.8934511427426,1559.4469992692527,1586.8623544954555,1.562515472272041,2.9598077980761657,1,0,0,0,M039,2.88,battery
226.0,2,15.691161756990134,89.29853490659599,0.8897798543041138,17,0.9922001282457067,0.3891644793278619,511.14298993916776,0.05978402013764983,11.282327019469982,1530.9616568169754,1588.860146515008,1503.871405395768,1549.8277480392642,2.5531839720546836,4.6870735146315035,1,0,0,0,M039,2.88,battery
226.10000000000002,2,15.524753854078241,78.39048493030947,0.8896328689644212,15,0.9454856747704969,0.41615352105758985,491.0180007146886,0.11133565696807102,11.543563575186496,1582.7138436505093,1551.4722858126765,1565.5562784600888,1576.3948561161587,3.0440641585299515,4.034343645536219,1,0,0,0,M039,2.88,battery
226.20000000000002,2,15.81231869061684,89.18239855598712,0.8894870731603285,16,0.8899673768799137,1.2249411091781257,474.826891842989,0.214716472037723,11.21553097856038,1509.313535705822,1531.372879589304,1540.1520498098594,1568.3924280823317,2.2631678607188834,2.1779509016467684,1,0,0,0,M039,2.88,battery
226.3,2,15.7608898574765,87.03270541769791,0.8893351199561988,15,0.964033526804482,0.5803005719977952,491.939027493698,0.22713086717269965,11.452753624375713,1540.1884430119126,1535.2204631528937,1548.215245244814,1556.4986078272102,2.7440947382498346,4.144953920384429,1,0,0,0,M039,2.88,battery
226.4,2,15.765183603747419,88.43712911387627,0.889186486752491,16,0.8654498178839154,0.17069860281985602,522.2558907121895,0.07179429455993047,11.257192103094654,1515.4063301650815,1542.0298873538254,1527.0545833363908,1568.4686967959558,1.246116272922864,3.6130532186928788,1,0,0,0,M039,2.88,battery
226.5,2,15.837926068212509,89.1210127039013,0.8890446367262907,15,0.9362075205558922,0.6826185677148514,546.2980072402205,0.0708937712754346,11.155515903577793,1578.8966429209636,1534.7059315838285,1548.9011452888021,1530.774163014797,4.508439002060776,3.004092382871123,1,0,0,0,M039,2.88,battery
226.60000000000002,2,15.765008932823866,86.94495463842634,0.8888997787685289,17,0.9799173603900421,1.3943869281499721,531.2247835502313,0.33191660065673984,11.147862372795185,1571.827640346053,1534.1162987431255,1581.499394279321,1551.9744718623585,1.1482917386312863,5.9862375999915125,1,0,0,0,M039,2.88,battery
226.70000000000002,2,15.52987513086094,86.16463288977425,0.8887514262576813,16,1.1494008187240767,0.7397197830806332,471.3264392228695,0.10846819929457341,11.330259795544684,1534.3510072261279,1569.9180424115536,1573.9873497883634,1582.8565017237454,1.6501995686309519,2.221621733458929,1,0,0,0,M039,2.88,battery
226.8,2,15.873807767734583,88.7176190255467,0.8886040181890182,16,0.8420902869554809,0.595258471682141,497.0364137685942,0.06111514219071326,11.367999284818199,1564.9640114638476,1572.6022569710722,1572.980311155888,1575.1899743801876,2.131245447155301,4.74800940006528,1,0,0,0,M039,2.88,battery
226.9,2,15.591638743087941,79.08821330942098,0.888467389373163,16,1.2412196666579953,1.2212037372711921,517.7453470988909,0.12892024956802672,11.133564338485098,1575.9191428309005,1557.0043111934708,1573.8701411132809,1591.6699089398035,1.35800656564951,3.308790908357304,1,0,0,0,M039,2.88,battery
227.0,2,15.689227230208866,86.56162532736042,0.8883200354473819,16,0.9666990675509838,1.3726436745866708,475.18048042842844,0.16073479430714865,10.48291845499138,1562.0354281126588,1565.2917097930408,1589.0058896804715,1520.5472317310239,2.832137813456831,4.715837052823037,1,0,0,0,M039,2.88,battery
227.10000000000002,2,15.509716819121538,99.69468557838843,0.8881733637853972,15,1.1724936401065362,0.5727383400149473,516.7601517143427,0.02252149927560707,10.265987201495541,1577.355331375809,1529.3748330015426,1582.0788572465349,1551.58591859108,1.5331292278930824,1.3218339506966719,1,0,0,0,M039,2.88,battery
227.20000000000002,2,15.919466389252575,78.35190323106377,0.888032808527436,16,0.9302106298831039,0.786394696397764,499.63518269705594,0.06833086165057643,9.621453836509115,1510.9108702587678,1528.4711309946274,1589.4450121619798,1545.623347228086,4.508351318920838,2.8884487875015075,1,0,0,0,M039,2.88,battery
227.3,2,15.600304055145394,90.2413180738778,0.8878839155889687,17,0.9340536038083369,0.043936667911239465,522.6438453821231,0.09844675257403979,9.449817982110764,1538.100718774261,1537.3639285847103,1538.2281673638784,1507.1501648726478,3.033629786296682,2.3914951035252576,1,0,0,0,M039,2.88,battery
227.4,2,15.474861228170036,83.42294714904473,0.8877375420810173,17,0.9625708328556866,0.32596544199228994,534.6939508240954,0.008571434726768292,9.728830499938084,1527.1838955146663,1500.6463715081852,1545.6718019091838,1560.048950686288,2.0374273046220774,5.883303921456963,1,0,0,0,M039,2.88,battery
227.5,2,15.652764438057758,85.65279389987319,0.8875877157337433,17,1.1873530518105981,0.7494568465235587,481.0457065695379,0.1838460472159107,9.577463977375182,1525.9343898723969,1518.167651959559,1573.383277743036,1579.8999646739821,0.9508243616404812,2.311263251610608,1,0,0,0,M039,2.88,battery
227.60000000000002,2,15.444301516573374,87.1763317446106,0.8874393870750654,16,0.8639578337399462,1.0598429852220952,492.09960801409494,0.0806588434770774,9.738063276084436,1613.8717675084738,1555.463008417627,1579.5759689665638,1570.305736712299,1.3646997532595342,2.464225894255046,1,0,0,0,M039,2.88,battery
227.70000000000002,2,15.62555530826856,89.3126647651737,0.8872922223227147,15,1.016765489409189,0.41710972811103775,492.0590970153002,0.039246655191252984,9.539843528520409,1545.3763733805197,1572.4591553985751,1509.6100672489408,1538.3478084164046,0.9705844849820016,2.245728741155383,1,0,0,0,M039,2.88,battery
227.8,2,15.597886093433305,86.34286393334492,0.8871483706291939,16,0.8650045254389872,0.5438634444398769,484.4569560590914,0.045597027502978664,10.031433527117862,1530.2719581439324,1530.5143965373243,1561.1407163409167,1574.1818090133422,2.8904814029272012,3.749094988259773,1,0,0,0,M039,2.88,battery
227.9,2,15.450549761714564,84.24649089925785,0.8869992681972616,15,1.0504159612386486,0.2760862758957098,490.78814111345423,0.09690263475090762,10.31011606529569,1543.629021194041,1588.0299514316955,1545.1032274700924,1564.9533223266726,4.2807224509568425,2.600477951836554,1,0,0,0,M039,2.88,battery
228.0,2,15.532375798433486,84.05201467276459,0.8868571329810965,16,1.1754156006378187,0.9436938253457883,493.74231558263466,0.050810144784281294,10.043548095005214,1529.5883277264732,1545.1667199684296,1517.4525183899818,1565.5553346549482,0.36417502707229127,2.9422047455295814,1,0,0,0,M039,2.88,battery
228.10000000000002,2,15.442313191492078,85.63656804633501,0.8867080819122257,15,1.1226115910335372,1.4207038114587416,468.1385201350724,0.1705894448197387,10.29754162031227,1535.0334278784594,1547.1261949032878,1582.461929711842,1547.9735906545372,5.328857024927975,2.5725550040475342,1,0,0,0,M039,2.88,battery
228.20000000000002,2,15.502671206841418,84.1487382141656,0.8865665221611361,15,0.9964934750675374,0.4755685405091267,513.0773862563706,0.0973727354836218,10.076930294791657,1518.8380374108915,1498.071675035926,1558.7082828524276,1522.8564095371744,2.981367868068355,2.164152241187423,1,0,0,0,M039,2.88,battery
228.3,2,15.603900511840433,81.73901159901214,0.8864231828510575,17,1.0969798132230262,1.3202125541907972,529.6527812135467,0.10147086073206135,9.776499180601114,1569.0380726748797,1561.5275140503966,1550.9524037875217,1531.4154602810795,2.5193129065034823,2.4197852370082833,1,0,0,0,M039,2.88,battery
228.4,2,15.663539849675514,78.00939597897516,0.8862786202499714,17,1.0549734464011025,0.36118449753474435,488.28131756630034,0.19761913333093506,9.815344627048349,1544.5411693820886,1570.0587605458063,1571.794111666502,1563.6860809197844,4.113556646612905,2.377509122093912,1,0,0,0,M039,2.88,battery
228.5,2,15.4055244027132,81.80012030200592,0.8861344780976127,17,0.9104514766908425,0.34513804397022796,515.9671147115406,0.03135511101387418,10.049486718155894,1505.0134582235214,1541.4906850867812,1609.5910846239406,1543.5380515511772,2.8177519213007756,2.106349732867453,1,0,0,0,M039,2.88,battery
228.60000000000002,2,15.540960880005343,90.59785285688204,0.8859884960878782,15,0.9230253757434345,0.301272966085393,510.18258722089746,0.082218382831321,10.32182798388432,1574.942796273087,1509.9500111902123,1570.543509928969,1552.8313500176441,0.7752959555648279,4.264871963673535,1,0,0,0,M039,2.88,battery
228.70000000000002,2,15.426689124303518,84.48263911017975,0.8858439490840972,16,1.0959060662727678,0.15474823669997445,506.195421544361,0.11129934331563451,10.520743061363914,1532.7605838664076,1563.64338941271,1605.5610556298857,1566.7133920320123,6.186652701026008,2.930234669643757,1,0,0,0,M039,2.88,battery
228.8,2,15.499099946325492,88.86824843848788,0.8856925515890246,15,1.1139446842462861,0.24048560594704277,468.6082198761846,0.02923739631662311,9.90265527309748,1564.4875523250712,1553.3126758580015,1533.0044509764089,1577.322279245404,4.502527362695705,3.576171456058585,1,0,0,0,M039,2.88,battery
228.9,2,15.385600486694651,88.33540919794376,0.8855462962556511,15,1.246694822106059,0.5317157611778722,480.8347418664374,0.033268921263606255,10.017423033353884,1562.7444041858585,1522.741754481922,1530.2314911221529,1602.8377833304937,0.9996643425915874,3.304111117178304,1,0,0,0,M039,2.88,battery
229.0,2,15.295694499838378,93.05291124397729,0.885398007554231,15,0.961274256084415,0.4088716769717229,486.71711944605147,0.11557540306848398,10.013099337058929,1529.5631550606101,1542.848411127646,1583.117105432519,1538.2542971102757,0.608084588077755,5.567994216175072,1,0,0,0,M039,2.88,battery
229.10000000000002,2,15.411686692474369,87.16248499904066,0.8852507922863974,16,1.1574064986933381,0.6699238878901881,494.5696138973866,0.24854576064725484,9.746336368828125,1527.6075002953821,1573.164265568011,1589.905052046232,1586.2049637315145,0.9166331273336391,8.434950513632074,1,0,0,0,M039,2.88,battery
229.20000000000002,2,15.423949005210488,88.07898781047625,0.8850972527559252,15,1.0788570079528372,0.6776243486238495,497.91507505249285,0.011282181813731515,9.40835702026468,1589.5521040593596,1573.4273280946559,1526.053197948013,1506.6445967273041,3.2425573751409003,5.44293679151683,1,0,0,0,M039,2.88,battery
229.3,2,15.443287682716322,86.34428646522188,0.8849540575492599,17,1.082115098899194,0.5779565197246761,509.7765135241035,0.09024881167437754,9.084662420260651,1520.6796813660717,1582.1694654826836,1580.241477621974,1516.9314430411066,1.045150791319199,2.94061566752786,1,0,0,0,M039,2.88,battery
229.4,2,15.12943819143594,82.56894624892837,0.8848064646517027,17,0.8831399645999399,0.6035134675804216,483.57513078525955,0.28201015109040006,8.993852680702096,1556.4620233258274,1545.8866567822834,1552.7402656384158,1556.2828604706006,1.4416129127401067,4.890278829705732,1,0,0,0,M039,2.88,battery
229.5,2,15.24597278228334,89.34099956980374,0.8846595802121745,17,0.8338054205543651,1.0083356583045453,501.2740729347329,0.23573518428095236,9.200962726440652,1540.8348612940329,1535.3056577204425,1543.780728079451,1522.822504009027,6.207121869985048,3.962755944851578,1,0,0,0,M039,2.88,battery
229.60000000000002,2,15.373416246828377,91.18291890352431,0.8845110483717193,17,0.9002929640622958,0.7606796095605246,520.8569216412603,0.09117574806796618,8.696917868945814,1539.2993125196776,1540.9367932877572,1527.4807513270628,1573.1757432824863,0.8233857692429409,2.269858617610141,1,0,0,0,M039,2.88,battery
229.70000000000002,2,15.221691772436756,89.79988697183737,0.884373201573504,15,0.9817444856762884,0.5376932294411291,527.2458931172139,0.1589182378675585,8.233233133875574,1562.5866398957376,1569.9255833806694,1541.4467920882257,1571.29604021185,4.656937826092723,4.304844902612274,1,0,0,0,M039,2.88,battery
229.8,2,15.353782104254211,88.29685892245747,0.8842302120530452,15,1.089513562019448,0.19059900768474883,522.319893409563,0.19807239805798796,8.344893166837362,1534.3252954159677,1591.1046756626185,1551.3935881268776,1601.310930168583,0.992901159375811,3.397621560489658,1,0,0,0,M039,2.88,battery
229.9,2,15.458048942284622,90.69940230402443,0.884079027467384,16,0.8517716811181463,0.15796355742645246,499.45806252069224,0.053708967265925514,8.220633263120403,1606.2139170164066,1508.9686035015543,1546.5019844250905,1523.3633362869998,3.889667480234436,2.930639952510982,1,0,0,0,M039,2.88,battery
230.0,2,15.282750426069246,84.46518842631882,0.8839280504908007,16,1.223745787133808,1.2947492157723592,512.3375890519449,0.267477125291237,7.7643599617039945,1594.0047506965966,1553.106357657674,1553.0030196042317,1529.4603449701312,0.13845858658353782,4.318743640437637,1,0,0,0,M039,2.88,battery
230.10000000000002,2,15.211743761400102,89.52352945471048,0.8837776089028391,16,0.825496453962609,0.5609553159190368,506.33894620055344,0.12754772248637763,7.672270521473867,1526.8287679437296,1509.5117538630695,1528.1405864346539,1532.9977135325503,2.8263217383666124,2.3227538332509,1,0,0,0,M039,2.88,battery
230.20000000000002,2,15.243522364298004,84.20477788677223,0.8836299499715066,17,0.8307263240531668,1.628618478658188,514.7093639780577,0.05017499236628704,7.729880409280731,1544.4546358744146,1563.9617209021949,1551.5316111612744,1552.6435019969745,2.4571366531945253,3.873067381914823,1,0,0,0,M039,2.88,battery
230.3,2,15.309192975503233,83.41485314607755,0.8834897758477943,16,0.9992114158578234,0.1696627846731946,495.77696284853766,0.05466919935303907,7.223702355810995,1560.481378601237,1519.7497490529004,1522.2689037305702,1601.3178817478934,2.4339878633946768,2.180437212362186,1,0,0,0,M039,2.88,battery
230.4,2,15.223444642090149,87.01880519378894,0.8833401941952164,15,1.184642782370717,1.0253597895747262,498.2430872651305,0.16711317388722974,7.025703020387452,1543.894212573645,1538.687178201656,1559.2523132876554,1562.3297665713935,0.9088352054704978,5.168385021851108,1,0,0,0,M039,2.88,battery
230.5,2,15.412743903336782,83.44796186856473,0.8831959219342155,15,0.9810656091621833,1.1851494092173949,474.97286509276324,0.1272362493405758,6.669401499298855,1539.576189682803,1565.919504836105,1571.4354924435315,1536.234017029454,3.086947054265085,2.3217358545532427,1,0,0,0,M039,2.88,battery
230.60000000000002,2,15.153824122554552,88.07339413130575,0.8830501717674262,15,1.004203404163725,1.3945694100287684,493.3710931686255,0.1379016659038867,6.619877311713928,1504.40886100404,1551.1145508062348,1505.3587523664232,1556.0249786679362,1.5243444950770157,1.7235279281485036,1,0,0,0,M039,2.88,battery
230.70000000000002,2,15.249719730730432,88.33313864343478,0.88290189825902,17,1.0902746490967639,0.8851723489523788,518.0025609185914,0.22233766580669745,6.3767779935341515,1567.067550913035,1551.8481325707723,1544.3835424843435,1530.8303098532958,2.2393932163057357,4.139076511964666,1,0,0,0,M039,2.88,battery
230.8,2,15.008103323677416,86.52225076426603,0.8827578161257567,17,0.9298631269955172,0.14596975369211745,512.8620005394012,0.21059122845483425,5.776633111770039,1600.4356968667469,1559.0838302317459,1590.5783266731157,1526.2981938269427,1.7235922196932738,3.714859321006828,1,0,0,0,M039,2.88,battery
230.9,2,15.133028992635449,89.1318075991534,0.8826128089099725,16,0.9267837450421113,0.8884796163781461,518.4284833516432,0.09540779588070826,6.382439295426549,1524.9852119199015,1573.2075698433296,1552.557740592972,1551.9160884993696,2.0002245025784364,1.9120031518541611,1,0,0,0,M039,2.88,battery
231.0,2,15.21019066393487,88.40192764633122,0.8824623366712273,15,0.9463059253813649,1.3548953178765681,496.72901072390295,0.2927831643683204,6.244855759749087,1541.3825138079194,1539.5764109210456,1578.2073405918177,1559.973819017018,3.5409795388059715,3.294146423809496,1,0,0,0,M039,2.88,battery
231.10000000000002,2,15.101066738623722,86.27366145931794,0.882317961753619,17,0.9730137227728499,1.2722187862765653,472.05421092636584,0.17328639247641034,6.556815724734058,1528.408093096694,1559.5780568640862,1538.2693449480355,1588.5668923735918,1.7151944457683648,1.6893760554291122,1,0,0,0,M039,2.88,battery
231.20000000000002,2,15.038528001583355,89.89643933259838,0.8821671680041572,17,1.0116700671328356,1.1913662576390622,530.5737825728395,0.25304767447050963,6.847647450574445,1575.1693063938817,1557.0402119262035,1555.5071049008482,1504.2184655307847,3.018981531962297,1.5319360609831203,1,0,0,0,M039,2.88,battery
231.3,2,15.074019989076707,83.38443612412331,0.8820250014051798,16,0.959803871845333,1.8544874653964598,489.0387992325391,0.10962023432933854,7.347315467619347,1535.6758827371616,1537.559647570743,1528.6886316522377,1550.5372743256669,5.849884492838248,4.896744609423722,1,0,0,0,M039,2.88,battery
231.4,2,15.135067388889697,87.07470216874867,0.8818756792653575,16,1.1904907645254252,0.7447277961629414,516.0230861536219,0.2952491091323836,7.376672238924953,1552.5440850760588,1555.2292501991346,1566.660884679686,1546.8443052373011,1.9404965027328664,4.0830472104395215,1,0,0,0,M039,2.88,battery
231.5,2,15.085984958703808,88.65450897861719,0.8817279444511491,17,0.8803350462282381,1.8372717234090257,499.53782071320194,0.05048376258377123,7.096272660720653,1597.6246076797877,1512.622909703817,1552.514894953865,1557.722284326813,3.1156012484050746,3.723632908454758,1,0,0,0,M039,2.88,battery
231.60000000000002,2,14.80079805803403,86.12930720222485,0.8815785942474087,17,0.9154874531485382,1.4234967871116972,483.6149157459183,0.02712339370787549,7.2862067372195245,1561.7841712364539,1584.0869277565732,1577.3051284903095,1545.3178971378372,2.505368498154345,2.2949252827906914,1,0,0,0,M039,2.88,battery
231.70000000000002,2,15.007144514634863,87.49939782789042,0.8814306973329937,17,1.0083425371039136,0.20965287032583305,507.48097088288586,0.010267016900780926,7.0609483598367015,1581.1782658955747,1548.918788444728,1549.037188123106,1518.5253706885292,6.0507781598609975,1.7793765771782422,1,0,0,0,M039,2.88,battery
231.8,2,14.922327598864108,85.98018754551171,0.8812786238689497,16,0.9382839971621567,1.1825220864651766,468.25234327041755,0.10587579062297764,7.11561410019458,1568.6113234593897,1556.2262803587817,1541.396028286777,1555.9319418498849,4.739855161530623,3.2933919356889745,1,0,0,0,M039,2.88,battery
231.9,2,15.017764003760307,97.49646461733965,0.8811338901373077,16,1.1869231913587883,2.0223031577267343,511.4691029459123,0.11822008722239313,7.036642974518584,1565.473379286658,1561.7127392246027,1562.8893239524277,1550.2615832360657,1.3256618675284033,4.157759065673986,1,0,0,0,M039,2.88,battery
232.0,2,15.084904117288247,84.73315272888625,0.8809891832420187,16,0.8568187831044243,0.6198510209565362,504.75185745119364,0.13647602798479913,7.061494324358051,1588.7653522063242,1560.2548278313802,1517.156914243703,1520.7158459001648,3.2861511049692425,3.083652226252926,1,0,0,0,M039,2.88,battery
232.10000000000002,2,14.910066995672718,93.62853272536242,0.8808403514731167,15,0.9627277503886618,0.09892714919644954,517.9467890168418,0.06150422325726891,6.8694857152175635,1538.1788161816623,1562.2956097203842,1574.4860278381411,1512.7957853019182,6.179017026903234,3.0763363546333737,1,0,0,0,M039,2.88,battery
232.20000000000002,2,14.89708265427391,85.45308805729755,0.8806941702786214,15,0.8413175538893929,0.5160043182998818,498.24554269326467,0.11740895360341927,7.17185299632954,1583.589630092467,1588.2777834403332,1541.1920286083362,1543.8144621171734,0.5178621998117404,2.5254408229145833,1,0,0,0,M039,2.88,battery
232.3,2,14.8968272854778,85.86587569929152,0.8805452889289305,15,0.9900780253824686,0.36245252156585184,529.4927964999741,0.04247876076540809,7.6713264513320265,1546.4770860917772,1600.3814114831193,1553.6378035350454,1549.3114267301812,2.645667670550874,2.774926327817416,1,0,0,0,M039,2.88,battery
232.4,2,14.999943608939619,92.04523083365216,0.8803963360401068,15,0.9850443015178086,1.5174011783829866,506.42693177265124,0.09315410571018502,8.048719841440866,1546.6828000859039,1518.6760548211237,1538.3907026314891,1514.3501158987387,3.7098253281910796,4.695676969701651,1,0,0,0,M039,2.88,battery
232.5,2,14.976185757282623,94.64213649171693,0.8802487379466335,15,1.0753680015587581,1.148090686790645,506.65589071364104,0.0706265823729606,8.275524972212569,1544.741514316616,1564.8079281263733,1516.017320184603,1560.0739180405328,6.321246409199786,2.132411623562005,1,0,0,0,M039,2.88,battery
232.60000000000002,2,14.890512212576528,87.31910136651743,0.8801025418175488,17,1.2389804016621018,1.0252958464948114,508.74971780518035,0.21322911551684431,8.133021864397195,1518.4882139461445,1515.878527098744,1506.6297761527885,1560.1297773146691,1.6317442466189616,2.6755977380969065,1,0,0,0,M039,2.88,battery
232.70000000000002,2,14.773182280930886,88.53713067593395,0.8799573309128207,17,0.9080577714959872,0.4144636696038285,502.183098589644,0.1286616762373828,8.18499395094878,1536.5278635763584,1569.4761439841427,1573.7132092914226,1551.3753826376544,1.7011749184363096,3.495165193009885,1,0,0,0,M039,2.88,battery
232.8,2,14.825822198830373,83.42666398057281,0.8798107075397293,15,1.0822172388653295,1.3084502164870633,492.306373177784,0.03323861015009838,8.135653419375311,1545.8611825020316,1550.4019154365744,1559.7409827519693,1553.483422164881,1.349789365333545,2.463062200307432,1,0,0,0,M039,2.88,battery
232.9,2,14.89780745109656,89.91119519204057,0.8796581177588019,17,0.936075028590277,0.08962208966642744,502.6463804681567,0.08256903107060175,8.335544837237824,1525.2672164572054,1554.9576346133174,1537.9027295386193,1560.8966767434208,0.7154565315159991,4.5901975206835495,1,0,0,0,M039,2.88,battery
233.0,2,14.768083645088028,87.99094866882042,0.879507767245408,17,1.1383040998280511,0.8306883919410258,475.0506450178204,0.0927436000759699,8.419918540095837,1497.1024309383765,1565.6696364975553,1541.1531030203478,1566.595129674642,2.296632276350987,3.503231228051469,1,0,0,0,M039,2.88,battery
233.10000000000002,2,14.766992118320399,80.82086264408764,0.8793577375481767,15,1.1112817885187845,0.9096675113781109,515.0579806413189,0.03756741722581439,8.5376555327825,1550.167833889396,1578.43649408195,1546.2118877416437,1566.3422507876646,5.019442759364044,4.620784250520262,1,0,0,0,M039,2.88,battery
233.20000000000002,2,14.480347811870917,87.46855559849334,0.8792141736740313,17,1.0134239909028004,0.6557394563039995,532.7370190789408,0.03520912996658704,8.169028162534882,1571.775729261129,1543.597850486369,1551.1381628978213,1556.5098306187797,4.182553404740498,3.8873434245927627,1,0,0,0,M039,2.88,battery
233.3,2,14.704311618130836,85.93126714988216,0.8790704609724506,17,1.052267180480309,0.5001999327602265,473.72208892923805,0.1342099461916132,8.287845456043565,1561.8195800823091,1561.5506133595145,1520.59804884116,1582.999305240576,2.7287312614977646,3.038105561543309,1,0,0,0,M039,2.88,battery
233.4,2,14.928348954506674,87.75842997886474,0.8789251709026878,15,0.8899214058185397,0.3866718249728063,476.3262643416637,0.10626550341670837,8.180052234539236,1534.643357104607,1557.3745749407158,1531.9730664815772,1510.0841370819742,1.7223169304037684,4.17528166894767,1,0,0,0,M039,2.88,battery
233.5,2,15.106333247865734,86.23693068629495,0.8787803333825029,17,0.9237572596349448,0.6063913139944436,480.4218143633361,0.11262844830948325,8.610064940065538,1536.7288960592405,1583.1669892589712,1560.8224549770764,1541.6536419299418,2.3977143551342763,2.447345732681659,1,0,0,0,M039,2.88,battery
233.60000000000002,2,14.963819451885485,86.28129600065652,0.8786404900603642,17,1.208420395710603,0.517360414591902,470.9186691836846,0.08826037687570268,8.728823887827064,1595.5539457875739,1520.54881058685,1581.1592637328229,1526.835458318334,1.196462217924718,6.246633175896699,1,0,0,0,M039,2.88,battery
233.70000000000002,2,14.772926609654789,79.83607112769711,0.8785004943088489,15,1.1066068931847624,0.17988672117159957,491.88217857037125,0.06502653170774358,8.77632055751958,1551.5097173903928,1510.097006882083,1523.3363359342782,1499.8980956236596,1.819908954582543,2.706161164187058,1,0,0,0,M039,2.88,battery
233.8,2,14.627882257552535,89.55089515182962,0.8783497695117122,17,1.3125751778631585,0.2511851403104659,512.1877217027786,0.1417460935063204,8.872049004897649,1574.996758184871,1560.2127717352087,1562.73222673794,1531.8622901228566,4.893336445978866,2.512894795314062,1,0,0,0,M039,2.88,battery
233.9,2,14.656343649014861,87.3611429710839,0.8782032654845643,15,0.9673984315294465,1.194471678636499,507.40966064287517,0.07608452891683144,9.39864797132001,1543.566977314164,1540.2480741739794,1532.9631974099398,1536.7233403600526,3.18741986752107,4.873493971033909,1,0,0,0,M039,2.88,battery
234.0,2,14.638131011578215,85.26467902538647,0.8780485781935581,17,0.9118776190747473,1.2304801347781362,510.7901765206704,0.1530100943579129,9.152645345351432,1561.0555225063806,1558.4672440092593,1531.824487384395,1561.6540688400978,0.7915691177725278,4.1263172903018175,1,0,0,0,M039,2.88,battery
234.10000000000002,2,14.667851496755212,86.94909137151954,0.8779039012683147,15,0.9339008755475913,2.1330946472863146,532.3985809632345,0.2698824905670511,8.896135528884185,1545.8328211003916,1535.6700768010064,1577.5716336032572,1525.607181787531,2.443306948912432,3.880996184398553,1,0,0,0,M039,2.88,battery
234.20000000000002,2,14.570009802942197,86.96258364430048,0.877761310903714,15,0.9148953146150506,0.6489390493283912,493.778286640057,0.03501188978568872,8.7480549235121,1538.9678828660508,1521.3388086821892,1563.8895902615136,1546.982721729402,1.033233882827944,3.1997115548523856,1,0,0,0,M039,2.88,battery
234.3,2,14.62788623767681,88.0524600164821,0.8776130855264811,17,0.921374964620986,0.9939440370249422,484.77204928331014,0.09516642559145626,8.45689662598095,1531.729575780286,1556.1592576758944,1559.0433474093575,1568.6225759717363,5.760050599539024,3.6049164391484787,1,0,0,0,M039,2.88,battery
234.4,2,14.713556053180493,86.85486945328867,0.8774666495733071,16,1.1987588494125605,0.17489654512565528,540.0489072719548,0.057333993154514054,8.283736449312494,1612.9317164143454,1538.1229363327438,1572.3914130852536,1519.0596839718562,0.4084165618972526,1.8066275214847327,1,0,0,0,M039,2.88,battery
234.5,2,14.589525235448544,79.58028412928905,0.8773215612079935,15,0.9029158717146579,0.9965478344230259,500.5884298278633,0.1263452473545117,8.335302024410774,1562.5155380685123,1551.5954403460098,1558.7185700111456,1515.6041715091646,6.150178243616045,2.246868922854091,1,0,0,0,M039,2.88,battery
234.60000000000002,2,14.583726287742108,82.74280871377712,0.8771734887644486,15,0.9326362302749487,0.9116730361308532,518.5926693651564,0.17023785544485226,8.445176430145876,1560.50930856352,1551.5006631078272,1583.2357115612099,1569.5663714123389,2.6846434105266663,2.6060434163095003,1,0,0,0,M039,2.88,battery
234.70000000000002,2,14.40697011186926,95.47095465903865,0.8770312378773232,16,0.9067604491026978,0.7302743757810565,469.68870954075135,0.024479182129430864,8.69061256250203,1589.8736373102424,1544.7684237224585,1540.465263996418,1576.466277356486,1.6307867903236442,4.74644114502139,1,0,0,0,M039,2.88,battery
234.8,2,14.5954213200393,94.27400726610003,0.8768846510465794,15,1.1616244710429107,0.2781640059101403,484.9757843528861,0.1180674935367034,8.658536273116825,1546.0584034624037,1585.3042928170553,1551.2233652829361,1553.537784599415,1.574227397678093,2.972152094908258,1,0,0,0,M039,2.88,battery
234.9,2,14.563060044661741,88.91251437314583,0.8767307103567084,16,1.015620800571363,0.8534594613365767,479.5310650568362,0.18220141108557925,8.599991945052247,1563.5662889482126,1510.8927747917064,1546.388972418767,1590.231072498188,1.1961794695607288,3.43896568982506,1,0,0,0,M039,2.88,battery
235.0,2,14.468612643173037,85.55209719441405,0.8765871733707565,16,1.1106907676772124,0.7846850911992632,486.6905324143705,0.2887575737954509,8.642376767473023,1567.2719421002687,1565.4596171085775,1545.6541631658704,1490.790066146924,1.2738453966177286,2.782937743644017,1,0,0,0,M039,2.88,battery
235.10000000000002,2,14.705703022522892,85.47018446681474,0.8764420489300488,16,0.9621893380634545,0.05851550105024195,512.6874304920909,0.23287278523879218,8.743705406093792,1531.2922614303002,1535.7722056498335,1564.1419771218057,1546.3788949814098,2.0436521215464047,1.5560063810466296,1,0,0,0,M039,2.88,battery
235.20000000000002,2,14.688825934988865,89.4457762893977,0.876293903924784,17,1.0348810319978934,1.6792891149544271,495.65156481547933,0.15164225645196064,8.870145968480522,1545.7416738818124,1527.3290659206252,1518.9937410450636,1522.539930295477,0.9580482431436483,3.226138303613797,1,0,0,0,M039,2.88,battery
235.3,2,14.48294057288947,81.54003443497848,0.8761484626163485,17,0.8127613619067103,0.22113921917463444,462.93885169372777,0.12368867159059102,8.968151782328992,1548.0812516959165,1528.848513390709,1499.2885252644637,1538.6117983985096,1.3513659772964348,3.1110719247027987,1,0,0,0,M039,2.88,battery
235.4,2,14.39026884849882,96.45768051941039,0.8760031070765139,16,1.1248392436790844,0.3025265308036329,502.2644992342717,0.18770727165250223,9.550521084888327,1536.5158484546785,1542.2771539611358,1573.614366947155,1556.8568668825128,6.352354871336921,2.5071752739388358,1,0,0,0,M039,2.88,battery
235.5,2,14.535657292440796,96.34725595002593,0.8758525857626253,17,1.166785627877263,1.2275422748906801,485.2301897738314,0.06886516379440219,9.737567678800168,1543.8796354565714,1571.3761469758444,1543.2877662296119,1564.2142850466316,0.3840135721213288,6.052660278354596,1,0,0,0,M039,2.88,battery
235.60000000000002,2,14.301773550295215,96.13503068260121,0.8757072071741155,17,1.1482604468978055,0.8422866896577937,519.2829123873597,0.08106132123458848,9.631906832402398,1557.669815416557,1496.933192123214,1536.3958091766017,1564.291450290064,2.013256527318688,2.677039305530983,1,0,0,0,M039,2.88,battery
235.70000000000002,2,14.579108730841089,90.0775043661971,0.8755576600539461,15,1.055221341431092,1.1542717821722261,493.89765083657903,0.11102061130937527,9.926519799451606,1544.61803119359,1513.4397982154867,1549.532985268856,1527.9398336260015,2.360446396968331,3.3044133023417297,1,0,0,0,M039,2.88,battery
235.8,2,14.23595007811002,87.81846238183087,0.875414142592363,17,0.8520514229952939,0.42717708637874685,506.27444564212885,0.08855038264092482,9.681629214909309,1543.6871924146035,1571.7693368753862,1552.1724120711401,1573.6206705789714,2.0125834924716792,3.1986955683151783,1,0,0,0,M039,2.88,battery
235.9,2,14.397032571882674,95.49084168181979,0.8752714897225332,17,0.8475804506871337,0.9868130408666802,522.3478467238024,0.23628199054209786,9.393897029049198,1583.4623428205682,1541.3908554652244,1540.0946928030467,1531.5327014623597,1.4872337372804707,2.2088154428443225,1,0,0,0,M039,2.88,battery
236.0,2,14.298627009531602,90.56341252010725,0.8751256031437044,16,0.8571883731756992,1.0127346501187442,493.8600460683667,0.11960221241589945,9.52141069092106,1547.6388915799548,1527.6594808640136,1524.9861624849814,1547.788510426611,4.857406924859783,3.2540371153211076,1,0,0,0,M039,2.88,battery
236.10000000000002,2,14.534842846157272,87.29048328538036,0.8749759911025929,15,0.9106619151494236,1.1202439409530178,496.48980859053603,0.02516664523172398,9.768979156572735,1578.3704900970035,1546.192544172606,1499.8469768153655,1554.6150583284148,3.4306166577101305,4.950377069987434,1,0,0,0,M039,2.88,battery
236.20000000000002,2,14.569796874675646,90.01350170056651,0.8748283534882326,17,1.1135257684967743,0.279100688133481,497.30898528090484,0.14603210062901442,9.717653968869213,1549.905413746978,1534.3771675700734,1564.1310699345527,1573.4058489110525,4.713062644960909,5.635747572622434,1,0,0,0,M039,2.88,battery
236.3,2,14.30036183735325,84.79925881209559,0.8746838457754295,17,0.8254389696777239,0.6692992278812266,483.01835439583766,0.18178615743102605,9.754116526780521,1573.369017750478,1560.7605863742144,1608.527436876404,1535.7184232943541,2.1429437604484916,3.815485532909976,1,0,0,0,M039,2.88,battery
236.4,2,14.28859093356876,88.76521232326206,0.8745326136471644,17,0.9950889861293396,0.794499422586752,489.3613446759422,0.22649699897745987,9.886377518369276,1606.9719823245812,1540.3308636920253,1543.280052474919,1535.1239397560412,2.9713975671173416,2.8823736067952255,1,0,0,0,M039,2.88,battery
236.5,2,14.381515133142091,87.91271185034498,0.8743846963988914,15,0.8935103208222872,0.5547143808099979,495.22621749998723,0.16379623639357593,9.970026637742267,1538.0591467330428,1525.5961421646552,1550.9249584633956,1541.864651643932,3.0539742435602326,2.3589522727757584,1,0,0,0,M039,2.88,battery
236.60000000000002,2,14.55517296999188,83.12786245205606,0.8742361482175949,16,0.9535245419566449,0.7190165070282778,513.0802339177214,0.09681215901840941,10.235056150558645,1569.5566971785745,1531.0339011332019,1482.5926267875268,1545.8165161095003,1.7848955034872804,7.240549642044206,1,0,0,0,M039,2.88,battery
236.70000000000002,2,14.424069394801307,90.9088117985765,0.8740905346923737,17,1.1584899008073037,0.5636229109064099,476.34593265813135,0.03942565503886412,10.024618374487998,1591.479322728753,1562.459699544964,1549.0936587657318,1529.3476058817214,2.1347928270938064,3.9893119550498017,1,0,0,0,M039,2.88,battery
236.8,2,14.160632264170989,89.77651684885228,0.8739488683309473,17,0.876762385939297,0.5390589037445664,527.8478823719098,0.07612157766161716,10.167020876865312,1527.8927676944602,1562.9438731532257,1504.3454667230158,1554.9889987405559,2.361169835296707,5.139545361665537,1,0,0,0,M039,2.88,battery
236.9,2,14.405955829895651,90.74544116323429,0.8738140222599708,17,1.0287309603046948,0.49773103143780056,497.4979472585794,0.26792276392970704,9.96047636858191,1540.141967825255,1556.4444735073234,1566.5684008033913,1558.9811393894233,1.4135504790953597,3.8997754990061924,1,0,0,0,M039,2.88,battery
237.0,2,14.392982690043272,83.5712194886687,0.8736627558147636,15,0.904953195970956,1.1766529378590667,528.6318718443085,0.15384235932879267,9.962494444898363,1544.0875351176228,1536.4610752145186,1556.0784722544515,1589.7813982615376,1.1867055334459071,2.1427745556133226,1,0,0,0,M039,2.88,battery
237.10000000000002,2,14.316920475481231,97.8191678767152,0.8735116288088092,17,0.9615019978618463,1.3784211164217508,491.2572217225828,0.10320064961938882,9.784949041027353,1559.5352530062255,1555.3717041145026,1566.2161424370543,1562.322797400971,3.9752459508584077,2.097693007012431,1,0,0,0,M039,2.88,battery
237.20000000000002,2,14.268981374673562,89.0875161771628,0.8733627630625992,15,1.0439600087755534,0.4993903798655016,503.5448215107236,0.03501077908971038,10.149055447918,1560.2396399932468,1546.6328082316622,1569.8460993006913,1544.3224602883747,0.4584481785835415,3.323788921175977,1,0,0,0,M039,2.88,battery
237.3,2,14.225262519716177,91.42718923554807,0.8732191403816238,16,1.0671534972988614,1.1892533157097183,501.2017998824317,0.3004418074825125,10.067254854505714,1547.494976158866,1521.14748178584,1539.7270345314298,1594.9356033361153,2.916908058144624,3.4278524330913336,1,0,0,0,M039,2.88,battery
237.4,2,14.167169872207658,90.73452916792266,0.8730743625243533,16,0.9972281927964878,0.4663883691087202,469.38953115001726,0.1679375069384294,10.635459435175951,1535.0145005407023,1522.2259563637908,1540.8954429088994,1580.8491501569313,2.3062166928751013,2.8804574620708654,1,0,0,0,M039,2.88,battery
237.5,2,14.263131400535906,92.15851624579818,0.8729279851596564,17,1.221576640593189,0.5997031219767015,505.42786760050024,0.2400376356149361,10.85358039617265,1611.6274676927435,1521.8693868438393,1531.248128403845,1575.3228733286583,3.6768038734687334,1.8809547031041975,1,0,0,0,M039,2.88,battery
237.60000000000002,2,14.155866765247675,90.30900476581374,0.8727795782368059,17,0.8645580519576186,0.9342183677073106,503.28491637634573,0.046541791699956155,10.902457997760841,1573.2044617568604,1571.6548589486345,1556.3305435398581,1546.6145916872915,3.6468771128155897,2.5750008107257942,1,0,0,0,M039,2.88,battery
237.70000000000002,2,14.251234798689895,89.44279282030708,0.8726338046195012,17,1.1605236318572982,0.5870052956339897,519.8761751305767,0.11712086115533026,10.594281646797933,1594.1060186885895,1509.9972820771277,1545.2242331226973,1553.8411185021937,4.81564294988546,3.979617499049264,1,0,0,0,M039,2.88,battery
237.8,2,14.332239680734741,85.46349451138775,0.8724901368223829,17,1.1405251421890619,0.7835544085032287,484.21322503556206,0.21837495186080896,10.32799146186474,1556.1129290107847,1505.7288590018836,1559.4977889733789,1503.1812714535567,5.083688217830913,4.12847498184285,1,0,0,0,M039,2.88,battery
237.9,2,13.842872854471405,87.93392741950524,0.8723439316582337,15,0.9179392534183153,1.1204027575526698,495.0087977490479,0.04529779509449958,10.076920885552738,1513.1084614233657,1552.1197463575174,1537.1248839057637,1575.7446469027182,1.4295521941055727,2.8679806225797044,1,0,0,0,M039,2.88,battery
238.0,2,14.45829555908408,94.34095024338856,0.8721989381671347,17,0.802061038912886,0.8345091554838469,485.9412331804157,0.09338813614355326,9.920788611534785,1549.2807182023166,1551.866839515264,1539.3822460039278,1538.23136751459,0.3256248669035187,2.012408418047239,1,0,0,0,M039,2.88,battery
238.10000000000002,2,14.016703627728889,85.04997341054272,0.8720568477360052,16,0.8736182089051652,0.17960375137756615,521.2594463279827,0.14637881336808595,10.52732212580154,1594.83247910597,1553.7771287345195,1533.0956736569942,1581.2302530037068,0.9949325090387664,2.5457531272845433,1,0,0,0,M039,2.88,battery
238.20000000000002,2,14.030405620247754,91.54906891649236,0.8719064055548054,16,0.9170284320887455,1.6163146068974938,477.4834177678089,0.10573389280779528,10.353903827520194,1524.4925627677005,1550.0279767498762,1588.3327536574936,1542.4274375961807,5.977002868507064,1.167211295183428,1,0,0,0,M039,2.88,battery
238.3,2,13.86083319319504,81.69787367267409,0.8717580651382077,17,1.1208436366324603,0.4882016415681747,516.9274370535079,0.11685010869464114,10.47901508567854,1491.9672944549502,1527.3820372691976,1567.1529037366797,1606.9730619506927,3.024139833552784,1.7123724918842775,1,0,0,0,M039,2.88,battery
238.4,2,14.01930668991365,91.33311219761498,0.8716087048402978,16,0.9509776018165377,0.36805507600449394,509.6742768914981,0.17883882362703749,10.01534808049724,1516.6926330859512,1578.7449448334585,1503.8821543361798,1487.4475453750315,7.1103779384451204,1.8984205974590607,1,0,0,0,M039,2.88,battery
238.5,2,13.967557028311806,96.81546610854087,0.871467974999908,17,0.900086449384371,0.730415990123763,486.56832183583697,0.18474413556020988,10.220558051792786,1519.7671123964537,1563.948774094866,1557.6508012167396,1528.003140806785,2.6235428159856093,2.776103531820769,1,0,0,0,M039,2.88,battery
238.60000000000002,2,13.788886861020712,100.07714173662265,0.8713149403138101,15,0.9841891839806899,0.28202031435314223,513.7022579469088,0.1134971349535778,10.34715593446679,1573.372657629319,1534.568246057314,1538.653481912495,1555.3481133279777,5.528677903761035,4.225934499657301,1,0,0,0,M039,2.88,battery
238.70000000000002,2,13.997648069842722,94.46483524734442,0.8711652421703626,15,0.9968291971407074,1.8348646761991492,493.20387622927586,0.09536228575364725,10.707265682755713,1582.6708366925022,1542.2488956065117,1519.5990742708138,1529.103744292657,3.6658455094041313,2.083026357279054,1,0,0,0,M039,2.88,battery
238.8,2,14.287710048517738,94.97817478530818,0.8710188515523214,15,1.0465872536401832,0.518981981584851,481.2278821360016,0.1738433379497391,10.921067097027922,1525.6434181820746,1544.1039420538705,1555.825637593924,1519.9327161406566,5.07630270727865,4.890086147098054,1,0,0,0,M039,2.88,battery
238.9,2,13.976056213641181,88.893297111349,0.8708708635670566,16,1.060435332645054,0.17918419116672668,495.67418254498244,0.1603927855563695,11.245598374041096,1542.774747435612,1543.0854763626562,1581.0230228870312,1545.427941388761,1.7999804560251715,4.188116856871233,1,0,0,0,M039,2.88,battery
239.0,2,13.756830817367518,91.34074920614695,0.8707244919890348,16,1.1202406651830656,0.6474891158391685,480.6067381570256,0.19543581317697153,11.272416607818316,1490.2676502217998,1527.8994139890895,1503.8417323904112,1571.4545424572843,5.2446764132058,3.1969173578982275,1,0,0,0,M039,2.88,battery
239.10000000000002,2,14.040458563114154,88.63265806269493,0.8705791247270533,15,1.1503840213633956,0.7509875690024975,516.9076859501633,0.0909695142282239,11.930209082451476,1546.3811065291711,1549.0432225879442,1538.531143191922,1569.8348201905385,4.05801998179771,4.655825657542139,1,0,0,0,M039,2.88,battery
239.20000000000002,2,14.070133417771734,90.25827252820133,0.8704386344507707,15,1.0342013057064072,1.168854444134724,507.2573590682883,0.10716845913661481,11.644053194718294,1559.4556438882712,1560.460898359634,1567.5218430489203,1556.7283657426683,1.6160481012444121,2.9097517808888096,1,0,0,0,M039,2.88,battery
239.3,2,13.933991259983436,91.67390029606335,0.870289498942838,16,0.8910594694208289,1.7702347306944795,503.8456749964164,0.15135854123900339,11.724114939908434,1541.0810941535597,1586.1277308134618,1538.107995096106,1497.4098003261306,3.5972792515516225,1.8153646589035093,1,0,0,0,M039,2.88,battery
239.4,2,14.01787395492668,90.177023267994,0.8701458973677418,17,0.9664784436045474,0.27670224056081916,504.2449876539612,0.1334381819835648,11.990489664135954,1546.0883316301752,1542.2531654499512,1580.193257672888,1554.7586301693766,0.8980866097427785,3.5493608456527084,1,0,0,0,M039,2.88,battery
239.5,2,13.853070355349383,84.73868329567705,0.8700038636991299,15,0.9466727196155491,0.28487274682569047,476.74582431565693,0.07117426378494877,11.631385382470658,1515.5173461517845,1580.0388283872883,1528.3087088302077,1576.7851872106753,0.8358248441448266,2.3100451935596014,1,0,0,0,M039,2.88,battery
239.60000000000002,2,13.999469433865965,96.92081331542278,0.8698469782717658,17,0.964970145769865,0.46982456653081733,501.44575092038014,0.16122221448045335,12.241944284470472,1569.4214055845307,1551.2121321527518,1529.299888276079,1558.9770980964147,6.627181376508397,5.133350492887666,1,0,0,0,M039,2.88,battery
239.70000000000002,2,13.991184678084549,92.94071408626782,0.8696978134305109,15,0.9599065724957601,0.9510709685604914,516.5409798111348,0.322082712401497,12.449401182516034,1562.8137389125088,1574.155074545587,1502.0275779141086,1597.573800648457,0.86091417895561,4.906808962193994,1,0,0,0,M039,2.88,battery
239.8,2,13.87773317646368,89.85663235756952,0.8695499581709384,17,1.0365328849591817,0.6028179872117965,512.3864828326826,0.048841750909403285,12.01365098033722,1555.0738681652597,1550.773727138434,1600.3139306677376,1520.6977184095792,1.3266935449104935,1.8593592312605782,1,0,0,0,M039,2.88,battery
239.9,2,13.612934398961727,92.19072877371585,0.8694065870748019,16,1.0432671913492875,0.6909332680090543,542.3191942971922,0.13971466571719082,12.040100526589201,1577.0855404601189,1517.415659932879,1575.1978183421556,1543.716541062758,2.6263953343807973,5.055325627336433,1,0,0,0,M039,2.88,battery
240.0,2,13.674108216080128,87.86842857638766,0.8692651918519968,16,0.8769535601970394,0.7576119334426419,490.9547879789905,0.13074000880853376,12.288330605215414,1553.391991745376,1570.6517476079443,1531.649699927295,1607.07054368374,2.078887670981388,3.936334980873702,1,0,0,0,M039,2.88,battery
240.10000000000002,2,13.782134657171065,88.86987980309203,0.869121028313363,15,0.9394808884024134,0.30936284147869214,536.4631124030326,0.26051513685759403,12.243681097369471,1592.710088228817,1513.5623880367693,1532.7059516467732,1571.1982622699798,1.416192383347091,3.122114794893513,1,0,0,0,M039,2.88,battery
240.20000000000002,2,13.690114950356918,89.13441819113581,0.8689733489384837,16,1.0367865650094579,0.6638579563876714,489.3216001564646,0.07406071049518027,12.182560347629142,1527.189340017271,1526.6395102512317,1548.062301291186,1566.8476765861635,2.7576803025821164,1.8762027012102722,1,0,0,0,M039,2.88,battery
240.3,2,13.694266508032152,93.97923829671493,0.8688239681056303,16,0.8984165738780434,1.0643561027692447,511.1419289150983,0.10120235120824703,12.515757431726259,1523.3575871056844,1563.665866938967,1603.0191425615476,1541.2618324744062,1.8938816520489932,2.6465183927368052,1,0,0,0,M039,2.88,battery
240.4,2,13.939503758306515,94.91845128361734,0.868676620297942,17,0.9519803617519766,0.5899550837041514,495.74134459985476,0.13909098502415285,12.638883549822017,1567.3544918553773,1527.7615919270374,1569.4938562704729,1551.504901136348,2.7279152522695647,3.5248183096447754,1,0,0,0,M039,2.88,battery
240.5,2,13.888465819181967,92.77818997052171,0.8685336693950494,16,0.9308345256927515,0.4817710326855891,518.2580149194886,0.13052638019409132,12.509460078124016,1569.309808358451,1538.8689898818716,1539.7174036872998,1525.2793226686085,4.995475018872539,8.407166344747964,1,0,0,0,M039,2.88,battery
240.60000000000002,2,13.919531329691802,95.43397779830019,0.8683873786795309,16,1.1238799061299982,0.5701780318676433,527.0704943080661,0.15321106702869652,12.223540798412763,1503.6273940151193,1541.853434154315,1523.5562818076928,1567.3033277904394,2.4238246048141736,2.975009274192155,1,0,0,0,M039,2.88,battery
240.70000000000002,2,13.886319795202539,92.58606291686822,0.8682384340594855,15,0.9386472133925179,1.9097901154646386,491.1658868278367,0.06358263817155177,11.893801340243503,1540.752174891754,1534.9206028303665,1554.7708681816557,1539.3507320024007,0.3687785052501241,2.3869612127118858,1,0,0,0,M039,2.88,battery
240.8,2,13.780102661960557,90.06116260549844,0.8680978633257719,15,1.0426197269207276,0.7025450566016789,500.1787827976159,0.3078753881992996,11.984484797436716,1516.270428857183,1585.1865253925698,1573.2186998897266,1576.8009036846727,0.5050017055478682,2.5448889171328797,1,0,0,0,M039,2.88,battery
240.9,2,13.771612897619441,87.91639743464344,0.8679511194784816,16,1.1641677288655483,0.653517480284602,473.64931782910827,0.010739346821810002,12.303803414896578,1573.3157729400916,1568.388694859833,1544.9713349524884,1593.7962323049592,1.9903161158154092,3.384599814178773,1,0,0,0,M039,2.88,battery
241.0,2,13.583033434106031,92.95039081690824,0.8678078474232094,17,1.1324775887097647,1.2897067124652237,492.7256495712484,0.024000153739426953,12.549399958870657,1593.768082707189,1573.0310526415674,1529.9093576204086,1544.4553170445186,4.693374601360822,4.14095078332673,1,0,0,0,M039,2.88,battery
241.10000000000002,2,13.562218798021464,90.48669472105107,0.8676660611317066,17,0.992685915607182,0.7327586754146845,487.49451370241917,0.06301461266269633,12.178872142802554,1570.2823563724476,1548.2714895499344,1531.6991374906331,1525.313731918263,4.8436690658828265,2.8751349785448084,1,0,0,0,M039,2.88,battery
241.20000000000002,2,13.75565134265774,91.41870114143205,0.8675257759624251,16,0.9780451878738103,0.28576549487454805,494.27047795505973,0.0654075624058744,12.139290934019671,1543.38584765976,1556.2625143940982,1544.6062687686997,1539.8096759523005,3.0297747851838692,4.911602588685623,1,0,0,0,M039,2.88,battery
241.3,2,13.473852437416237,86.36830844873472,0.8673759747294236,17,1.0526220389774337,0.6531468777636338,494.3793765948191,0.15346501815351415,12.27981938886346,1495.8000275711865,1563.5227526255214,1583.892235656199,1600.1875565693292,2.917845025137995,5.196450199336695,1,0,0,0,M039,2.88,battery
241.4,2,13.655973151436376,92.97677672341928,0.8672345622348137,17,0.8699548026770422,0.48018664489536594,492.935904038005,0.13593157160828595,12.40721279735493,1572.2103967598257,1581.0787051491006,1563.3106831536586,1567.107651337845,3.6948364773285296,2.0679210219079898,1,0,0,0,M039,2.88,battery
241.5,2,13.650524814993187,93.36723748955848,0.8670853605395172,15,0.9471249666046161,0.22269500781429766,506.1571935244418,0.09806948268270262,12.54232351038219,1594.65596337656,1537.3957630153716,1556.754357931215,1558.844597750991,3.1729675063153153,4.115644014138752,1,0,0,0,M039,2.88,battery
241.60000000000002,2,13.670116719978369,90.48035024797551,0.8669457684060302,15,0.8694059513547231,0.6179545604999661,478.2670470338423,0.1494541140341244,12.328004931304704,1539.653581725013,1512.2009564903074,1525.9714103820772,1509.0409359440478,1.5040747076722356,1.5147366402214966,1,0,0,0,M039,2.88,battery
241.70000000000002,2,13.567968036456058,89.65887927711732,0.8667996810345204,17,0.8933075346811578,0.3184812159516712,506.7909040957636,0.26452138275338705,12.271046758131458,1512.5516836365725,1567.283708046707,1542.8761182113003,1540.3251459650462,0.9877429312116066,3.018583591416516,1,0,0,0,M039,2.88,battery
241.8,2,13.419876398364197,89.87943735902881,0.8666475457380723,15,1.0286516926772098,1.406695546921317,460.38673947886247,0.19496636465598197,12.17042001900821,1532.5882530401966,1548.918080540155,1573.3090584785793,1603.989813171865,3.029886388852763,1.362875179845589,1,0,0,0,M039,2.88,battery
241.9,2,13.659300692876455,95.17649875518515,0.8664993174795427,17,0.8646156825217525,0.7709964348734625,502.4588622403444,0.050059869624638584,11.922782072648209,1538.2838003051252,1549.733990821084,1627.5856530077403,1557.731788699465,4.5206018096741785,3.693975894749815,1,0,0,0,M039,2.88,battery
242.0,2,13.462633698643803,94.27721478006833,0.8663489816178122,16,0.8196123710017867,0.5937497692421883,497.0903311999139,0.10293518190788556,11.903861804825617,1534.8886903208338,1574.9546233148262,1546.5336188750189,1544.3270186900654,1.6862219287338491,2.6980237134796776,1,0,0,0,M039,2.88,battery
242.10000000000002,2,13.337786070900957,92.06933875046951,0.8662038409803771,16,1.0029142383808038,0.7403646184190151,470.03917497759693,0.280533564668709,12.05646856410988,1563.797197920945,1486.163903498968,1584.5755572636679,1587.986323660042,5.256427616140043,4.248011946321815,1,0,0,0,M039,2.88,battery
242.20000000000002,2,13.651930990538306,99.0486443684974,0.8660570357588926,16,0.9036186746836932,1.8850116974383164,467.71296461819736,0.25277778768335485,12.506097817254208,1494.1009864596601,1576.8708100043746,1558.7204198150323,1611.7424154493026,4.540746748211271,2.157080607562566,1,0,0,0,M039,2.88,battery
242.3,2,13.443232564499006,90.67622791940357,0.8659140611155068,16,0.9916779233098219,0.439617850918501,500.51434428620627,0.2344705434184776,12.607456046701602,1531.5374319842883,1520.042706427257,1575.0005628088593,1542.1988265259338,1.6145320262806924,2.2748472060249614,1,0,0,0,M039,2.88,battery
242.4,2,13.433372221133407,93.40665149191024,0.8657632247313278,15,0.8451085457469554,0.7990309639483204,482.9503807292639,0.11048965423383358,12.558194117999768,1530.2225210923214,1601.758489915888,1592.3248649799184,1535.5035078783092,6.138487989223648,2.452637432543978,1,0,0,0,M039,2.88,battery
242.5,2,13.340787254374062,87.90293814249446,0.8656119444268673,17,0.9902031206801571,0.21676604328897978,503.1739270670629,0.08547352260324009,12.49708274849663,1545.8401215280524,1626.6315149654965,1547.0560154366897,1550.019507422926,4.089371306746077,3.2387539501603877,1,0,0,0,M039,2.88,battery
242.60000000000002,2,13.385495288971162,93.48954633676783,0.865462780501538,15,0.9132371040650126,1.518154497282225,482.3854600591843,0.13882966087343002,12.353196847595072,1518.7059215215304,1526.43661935716,1542.8737060829692,1558.493507464165,1.444497962208799,4.569918918498283,1,0,0,0,M039,2.88,battery
242.70000000000002,2,13.497367636968084,89.81336790904808,0.8653202509867299,16,1.0616850934155038,0.1226790194895239,490.5828287672452,0.05603119343402815,12.59179582858807,1519.7409944595743,1507.9958621489857,1533.8900378896785,1531.5664929600632,4.517226423179379,2.0616932189849098,1,0,0,0,M039,2.88,battery
242.8,2,13.355463553830178,88.91527372918326,0.8651774509579538,16,0.8158326960727589,0.583994274799184,501.4472449278112,0.14452089231501072,12.752700442191774,1514.1713351092862,1542.0432422645172,1548.768470135932,1528.2055743212748,2.236338040476818,1.2086321902871253,1,0,0,0,M039,2.88,battery
242.9,2,13.233949407991139,97.68707802787338,0.8650339344346333,17,1.0724286135002794,1.1236672234966767,489.0667772279467,0.11819504420410423,12.703386233729052,1587.2663025503678,1580.309183585456,1553.1522509911551,1562.9630759032939,1.2348662144695968,2.0073848056265273,1,0,0,0,M039,2.88,battery
243.0,2,13.529028780006131,94.94680384286437,0.8648922180895656,15,0.8679871515932646,0.7214250339628555,492.6959523499956,0.1990091877244945,13.19154297171453,1595.3326476287432,1539.7803065984197,1573.0769151271425,1567.2282161505614,1.07713200975889,3.642129601929721,1,0,0,0,M039,2.88,battery
243.10000000000002,2,13.434894613419056,91.81577953067918,0.864746145907341,17,0.9012505368530984,0.9307229247448104,474.1212245920875,0.07362041624190736,13.138354158266266,1552.9546910939266,1537.2976341835815,1532.9150270993916,1547.1527314143443,4.578656542413523,2.8743687468437153,1,0,0,0,M039,2.88,battery
243.20000000000002,2,13.538153990598328,96.62008976265793,0.8646019482607328,16,0.9208543746187793,0.9405348592844187,519.8720704185545,0.24982499580920858,12.728055961564467,1536.6669089945053,1577.8340963816593,1602.5086243756423,1543.955753758507,0.798503402954331,4.245711437244562,1,0,0,0,M039,2.88,battery
243.3,2,13.288338634206633,103.01377349756072,0.8644541287032732,16,0.8706188899416566,0.37783443955714774,498.9800195425228,0.21350073792787777,12.345828430913615,1538.9930931032807,1548.6418668236167,1545.7943311315992,1555.2553580228248,1.587513242325607,4.418377792438973,1,0,0,0,M039,2.88,battery
243.4,2,13.33277907908463,93.15182094666014,0.8643023016145482,17,0.8953281463637648,0.9315488734990913,482.2211029646988,0.2061477287245447,11.719090831749465,1554.5437463598944,1545.3473516463241,1562.8204300005643,1527.2774214526764,4.8546011919561955,4.16746531013672,1,0,0,0,M039,2.88,battery
243.5,2,13.418337799085641,92.73635011701101,0.8641546301180548,16,0.9154966926235099,0.18776620684142992,492.8488171949875,0.068267405171408,12.03310531768838,1583.887006979284,1538.2693961937298,1520.7515979031245,1551.8872012879785,2.8639067550429744,2.609708481702479,1,0,0,0,M039,2.88,battery
243.60000000000002,2,13.416878118369322,93.5064957527531,0.8640162564323495,15,0.858403742529615,0.30722401055215265,478.72015433212556,0.2383637238885385,11.676115095691562,1540.214854264028,1530.005703905872,1538.8487880161522,1569.3545382963498,2.9071446433373187,5.1423360134954885,1,0,0,0,M039,2.88,battery
243.70000000000002,2,13.353232221699567,89.95004963611615,0.863880949755299,17,0.9543899969486718,0.3874609118413837,518.0405893902184,0.0686123967485725,11.500426938399704,1545.28575884617,1546.544524936623,1547.2083283700092,1534.6472990175992,2.081952494020861,2.687270065523364,1,0,0,0,M039,2.88,battery
243.8,2,13.356226995427727,95.9241843249642,0.8637279632247447,15,0.9324163542837186,0.1450618151196196,504.0111116925089,0.10213833108270304,11.717907892717275,1546.552553895481,1542.8587342009541,1541.1113144190244,1518.665312133784,2.333107860112795,3.475399094621143,1,0,0,0,M039,2.88,battery
243.9,2,13.32599564292416,89.45253509235829,0.8635854471852928,16,0.9484392873437784,0.23839384491113788,511.4856174576372,0.18999365937833096,11.322855241478726,1575.8608195702425,1554.0782727197504,1518.8845070319435,1558.3172418115817,6.240868153317707,3.751915201684038,1,0,0,0,M039,2.88,battery
244.0,2,13.344995907300143,91.82113152945587,0.8634368152415862,16,0.837734279164857,0.475486050360376,481.6165964272197,0.17597942934069447,11.268927728301424,1538.9472544775658,1595.2186778450791,1555.813800972488,1531.7649255603194,1.0471742448080652,2.180094956310791,1,0,0,0,M039,2.88,battery
244.10000000000002,2,13.214659801641888,94.19387201333686,0.8632858716863057,16,0.8481202102935359,1.2349464143305822,508.6230471387561,0.051272754648230424,11.218662408072541,1540.350466152067,1571.755559744139,1518.203806908889,1597.741596466511,4.846730463589147,3.7288942497044717,1,0,0,0,M039,2.88,battery
244.20000000000002,2,13.553234662189773,94.7476800699839,0.8631429697359589,15,1.0633346515944857,1.2496922113434412,490.1479001492949,0.0058117360210517685,11.244714026854211,1558.0369651259539,1540.1290581931553,1543.2602019124051,1550.4215696898289,2.8778274206060424,4.6125693519884035,1,0,0,0,M039,2.88,battery
244.3,2,13.178241942728954,92.06281088444122,0.8629974510780642,17,1.0781354032800787,1.246847366328826,523.3332129416347,0.09015452156116682,11.191831463385906,1516.196915204761,1506.2390432541692,1548.866875838054,1546.2120390662863,7.072743262627264,2.548708515614793,1,0,0,0,M039,2.88,battery
244.4,2,13.473592949056876,98.76663050437861,0.8628515775329975,15,0.9999570551771177,0.6783282578767952,497.3861670203412,0.06071874153394707,11.120933167618453,1593.445399953629,1577.5001739053002,1538.4586777646791,1574.952179753594,3.083093111116114,3.8568739504030995,1,0,0,0,M039,2.88,battery
244.5,2,13.053033809898064,95.55982797123178,0.8627032132930805,16,0.9843873615359253,0.9144769077235146,527.41097677737,0.027774181389993165,11.505665253955204,1564.2506304348103,1548.9873246440145,1526.8580550304603,1550.5078244961703,2.7897070595790456,1.9141642053780905,1,0,0,0,M039,2.88,battery
244.60000000000002,2,13.232404894102036,94.12800500865683,0.8625551566446181,17,0.8891477615005552,0.6015249416254128,480.75682999170846,0.060221541919694505,11.759706862201373,1532.7028873831146,1566.8843018301507,1533.1046283960254,1553.3276573668506,1.9024484678832434,2.6331290722722307,1,0,0,0,M039,2.88,battery
244.70000000000002,2,13.332574068302197,100.193013621908,0.8624155036537462,15,0.8708804760955,0.6587060774841003,574.3575924402229,0.10147671680287537,12.038642236395937,1538.3964017486803,1508.3845877152112,1553.4846237512807,1550.7525130381034,4.451431576247945,3.0034104477506167,1,0,0,0,M039,2.88,battery
244.8,2,13.303720277667377,97.63812121302252,0.8622729389539224,17,1.0610675623370098,0.4505821041283333,502.2366307634553,0.07550458509771418,11.804689899965698,1577.0873878044017,1567.343228113292,1554.1860747163435,1536.5519170086445,3.9623801604891917,2.5359940599365594,1,0,0,0,M039,2.88,battery
244.9,2,12.797557599245161,91.43801272150158,0.8621274676927511,15,0.9972350375336944,0.34201297101931094,509.75228323130943,0.061045671342656586,11.711852219417441,1583.901949413732,1520.2232159115124,1576.134151173671,1537.4161894089284,2.1014458411625676,2.4654130416187066,1,0,0,0,M039,2.88,battery
245.0,2,13.16068828699716,97.80540470195152,0.8619790202989428,17,0.9880065131238924,1.180035769946647,488.28891490942294,0.031913654286364036,11.311358328008263,1575.052638084469,1534.2163972179446,1534.7206182187097,1554.4719269353848,9.480659192516333,3.1348101925750296,1,0,0,0,M039,2.88,battery
245.10000000000002,2,13.225669891416956,89.31226259052617,0.8618296432351223,15,0.8729440995078329,0.41878057901972676,478.15180670582373,0.22317520852009673,11.257204937453189,1520.3870350651277,1531.1503752089739,1561.2456722206898,1533.8399781679009,0.998007001856346,2.8565563862091863,1,0,0,0,M039,2.88,battery
245.20000000000002,2,12.979994384054223,98.59964143946664,0.861686005253929,15,1.0374798424037412,0.4518330356575999,527.4436320764468,0.03488710855865247,11.466222502215505,1510.3747126311812,1563.0834738353105,1565.7242877073907,1566.3271371539524,3.039420017884251,4.215548028040761,1,0,0,0,M039,2.88,battery
245.3,2,13.068190187683614,94.90991027615445,0.8615374579955097,17,0.9038476036183615,1.2761439854965257,508.2154826830655,0.09872963291754779,10.775343317064282,1548.8323642756775,1522.2077524985716,1547.0185446382802,1548.7242692853451,7.559732215176442,2.916137525178971,1,0,0,0,M039,2.88,battery
245.4,2,13.11131931741835,100.52537746974198,0.8613907961339651,15,0.917667302180621,1.4179792762303305,464.3937179176311,0.21188120084867665,10.496135070900468,1582.5947767749303,1519.2994747878347,1579.179508267593,1539.0383914701306,2.4059153697136946,2.362228096660765,1,0,0,0,M039,2.88,battery
245.5,2,13.339507947699213,96.53030331679807,0.8612399615251224,16,0.9857969222567747,0.23870457273659568,506.83834152458974,0.05853548457375204,10.136346515160303,1550.4007772216166,1546.9864244180585,1528.233109221757,1546.6978186941715,2.039772176329492,3.730016979223298,1,0,0,0,M039,2.88,battery
245.60000000000002,2,13.049638866798373,97.99733289303875,0.8610961654244603,17,0.8592850932858968,0.2394592842293516,478.4960517682282,0.06360861581125908,10.207693862495264,1525.3610832114553,1560.9562401410863,1578.4912102108565,1530.4688472673377,5.308670683082565,5.0572286320544935,1,0,0,0,M039,2.88,battery
245.70000000000002,2,13.00061952047799,91.58117521516942,0.8609491036684096,17,0.9713380000580036,0.5758217487716942,527.8332494529405,0.07612151727377948,10.615486432739614,1515.9126159002537,1559.1720795889892,1521.2687219062661,1573.2282162185834,1.9353117879623614,2.888283341482616,1,0,0,0,M039,2.88,battery
245.8,2,12.888570909116796,91.35372443303743,0.8608022025846147,15,0.9118235662670892,0.05506812559570731,513.3397053363557,0.12879512747995545,11.026985777740283,1575.9598080507335,1573.982630889366,1544.3708737534682,1549.0793562759654,2.6161858160912925,5.067060293509913,1,0,0,0,M039,2.88,battery
245.9,2,12.840149006667808,95.04538840921255,0.8606580603882291,16,0.966954131346675,0.18498578675073038,511.76380052225363,0.09339247327962481,11.094244197857613,1536.2852938959784,1579.4783835518779,1529.440255979372,1540.1603744968413,5.115424137642099,2.738907910276362,1,0,0,0,M039,2.88,battery
246.0,2,12.955745830747428,95.57613585781954,0.8605151235093698,16,1.1286789970743734,0.8488583664488317,478.8588149943174,0.20536758148618062,11.311378861074212,1595.3208725801421,1498.486675832055,1530.5842464914301,1524.9655503416554,3.0708481657878828,2.2051905690830385,1,0,0,0,M039,2.88,battery
246.10000000000002,2,13.019379628771826,95.86532157746754,0.8603716657221769,16,0.8368406484852934,1.6611258010543717,485.16371264697716,0.16941840228887375,11.969781636053272,1540.5112766491798,1570.4026159153257,1569.6112688598173,1520.6194043035346,8.235920337739062,6.349411558682455,1,0,0,0,M039,2.88,battery
246.20000000000002,2,12.985594172505964,91.85992571398651,0.8602302194667805,16,0.903473600512466,1.1483508316266429,517.7958936403139,0.3131838823803533,12.47194268585334,1533.4379758413106,1561.401861002243,1562.152874423885,1592.1192468914633,2.0919699989366594,5.8350913922634735,1,0,0,0,M039,2.88,battery
246.3,2,12.951037077771943,98.03798978440956,0.8600872717325905,17,0.9866502445415848,1.5825022762584111,501.26199097444703,0.10792380050697366,12.379322482191537,1529.2920601371725,1580.9528913880647,1554.679650346489,1528.9870095585986,3.030643352977199,5.214495825884359,1,0,0,0,M039,2.88,battery
246.4,2,12.910376334749655,92.72405624487361,0.859933679135257,16,1.0797754371901025,1.4578274792879942,516.6271533803858,0.03756791002647141,12.31452688969542,1553.8745483732014,1561.3581060272315,1579.7658291039554,1505.6055451651785,0.2108012653488347,4.949159288753756,1,0,0,0,M039,2.88,battery
246.5,2,12.747330161088454,98.42384825104995,0.859789928415072,16,0.8505066484249545,0.7249711515464572,519.6799446820107,0.2597830775691255,12.027510861488466,1570.694622583006,1544.4006883332527,1556.2703769549455,1562.6332948154868,0.30342473566321504,4.1474755641716365,1,0,0,0,M039,2.88,battery
246.60000000000002,2,12.75284408087445,93.0383884130832,0.8596369933953304,15,1.0770369652928267,0.7670220081051716,508.45062199794876,0.12557756708890286,11.941985851523558,1535.5957865592432,1547.8839619686426,1537.3631967018407,1538.249233755451,5.4242491139916,4.512275183063073,1,0,0,0,M039,2.88,battery
246.70000000000002,2,13.163246300673887,91.3483314191029,0.859493269557883,15,0.9970509864039442,0.7145746918383129,520.6667828823043,0.05678200141519511,12.176594236027428,1553.9885017687147,1550.6640680738012,1541.0711024378734,1549.5633853691152,4.19478135111964,5.449388763633932,1,0,0,0,M039,2.88,battery
246.8,2,12.972050255708593,93.68300109468669,0.8593434824662778,17,1.1497093304736274,0.7007593862563508,467.4030610268131,0.20161505033065144,12.500909245740024,1549.0857344620497,1576.8556407079047,1552.9627092183894,1554.6917573735454,1.9964010324589896,2.3807750033528547,1,0,0,0,M039,2.88,battery
246.9,2,12.850869324365203,91.87960583617036,0.8591975456879508,17,1.0349033455976027,0.4951762601706698,459.55340344922706,0.10331784906257403,12.872816120081545,1606.3765650221824,1570.9696557841032,1487.5460932754518,1615.3820059205807,1.1112990261100708,4.802560338980119,1,0,0,0,M039,2.88,battery
247.0,2,12.764333425230868,97.39239247166458,0.859052358399342,16,1.1331030870324525,0.5578983892460305,496.2581734819036,0.10307344371828496,12.87049959013483,1516.8181664497297,1557.6752794569568,1558.155243837865,1551.0934640657044,1.6625496925563543,5.475193242062513,1,0,0,0,M039,2.88,battery
247.10000000000002,2,12.820807428327353,83.56861924722271,0.85890778027947,16,0.8760266023216534,0.10191657644276092,505.6901554785525,0.2380408282953735,13.032538102788056,1495.1302444993837,1564.5449703811018,1540.7831148152518,1539.6686646136286,4.869771241569509,3.646638373398216,1,0,0,0,M039,2.88,battery
247.20000000000002,2,12.679641425550614,88.57254633138045,0.8587571043266701,16,1.00348354652004,0.3346634591008965,520.4143863460504,0.15326351414110287,12.957764832970636,1536.378543194902,1526.9386081754951,1536.1869866621983,1529.5613304508022,4.257150243596369,2.0930037709226155,1,0,0,0,M039,2.88,battery
247.3,2,13.120225851116368,87.52922520348262,0.8586178167094669,16,0.9681930803796642,0.5701268116806428,488.64690761519387,0.19423951494612984,12.960313264434738,1565.0388794877824,1580.0742963202802,1555.1166182984193,1535.259014607332,4.44036366243907,3.419350788342735,1,0,0,0,M039,2.88,battery
247.4,2,12.804483068466446,97.51270118979028,0.8584732415451045,15,0.8696732495596826,0.8442510422424975,479.65522787921145,0.057865516363455445,12.877984091679513,1527.4820934856543,1549.4768977721528,1581.768514086047,1557.1666456279806,1.9492495250379531,1.2294280425182116,1,0,0,0,M039,2.88,battery
247.5,2,12.594403132046063,89.72096434005155,0.8583237026359959,17,1.031883420700621,0.4422497338862321,490.30887057083356,0.042271600797897976,13.150380327701871,1555.793690117742,1589.9360202200685,1551.3007311345964,1600.737957095215,0.6491991068040542,3.235986953745655,1,0,0,0,M039,2.88,battery
247.60000000000002,2,12.780560018493542,94.47680857533723,0.8581757334767404,15,1.1247785953286455,0.9795115398231291,476.2252759745804,0.07298689069961237,12.968138122922086,1542.2155440207744,1504.390474598336,1520.7704259782174,1535.7611706598614,4.232018170747819,2.3510094022895043,1,0,0,0,M039,2.88,battery
247.70000000000002,2,12.764610769717835,93.23315960603234,0.8580236449039582,16,1.0089280070018103,0.6043521358821615,536.3978552346919,0.16076264641479576,12.603404649746372,1542.1021463383543,1535.6803264014416,1535.2409914473365,1573.062705255676,3.9191994649775106,5.121588095723951,1,0,0,0,M039,2.88,battery
247.8,2,12.85516666231672,99.01446728639263,0.8578868676230651,16,1.2064813395724667,1.053940920226683,511.47251284406997,0.13695199754598084,12.856207649162636,1545.7853952326677,1533.1462595897494,1559.6999777709232,1553.9415301705485,3.3856976988508425,3.950264931891507,1,0,0,0,M039,2.88,battery
247.9,2,12.622199720819667,96.50126816892819,0.857741899535472,16,0.8398566106439106,2.136358552667728,514.0743317820805,0.15503871324560234,13.126535212781272,1573.3296209291475,1543.9531243308882,1566.2762376863725,1592.8901889994927,0.6682061973340663,3.4325152255806017,1,0,0,0,M039,2.88,battery
248.0,2,12.580568121490858,93.02854743075864,0.8575916426915551,17,1.0920185185657685,0.8075374974881788,509.8303984709138,0.2068037277750914,13.209028548295448,1516.513081333191,1483.4101909709862,1559.4150064867615,1512.2682943218706,5.162589203381343,3.1544702638208304,1,0,0,0,M039,2.88,battery
248.10000000000002,2,12.634674866906064,97.06071946858208,0.8574453524906104,15,1.1835712199142638,0.5008099985573577,506.6997229824639,0.08047676297284717,13.204975395970452,1543.538136425179,1539.498341714866,1505.286465538969,1517.146934493385,3.8142333025147876,6.166388769943193,1,0,0,0,M039,2.88,battery
248.20000000000002,2,12.434660567363897,95.26908697336559,0.8572983334575123,15,0.864052239300598,0.8429230164839134,534.7255730282757,0.19889339720933383,13.399286048709847,1568.2770029167316,1530.3250853376717,1582.3274189248882,1538.3323027736674,2.5660211440270375,2.9915410690445103,1,0,0,0,M039,2.88,battery
248.3,2,12.704700827668912,93.43967786399763,0.8571585876070528,15,1.1580576395781346,0.8253782331835975,503.6714332402658,0.040848165929620144,13.024853215920896,1539.2314527309231,1533.7095033860937,1578.0594822009502,1563.1158485197686,2.6837774764107882,2.166314458411525,1,0,0,0,M039,2.88,battery
248.4,2,12.506813898350659,99.13513454192424,0.8570105947940384,15,1.0652943311040906,0.7213838233600179,504.1747235751806,0.14413685767376155,12.862119857095276,1598.11966319645,1563.584770356402,1530.0032413885049,1549.4590351210857,2.060421530446683,5.353957691782257,1,0,0,0,M039,2.88,battery
248.5,2,12.669579418731416,92.49739410300356,0.8568746268653387,15,0.9264232818455274,0.7162636851106504,482.62968010760335,0.17789594592057253,13.114646108622322,1567.6799536239591,1527.8036696129025,1549.1991258796156,1539.8103954579376,6.0175234015916175,3.8104925941232217,1,0,0,0,M039,2.88,battery
248.60000000000002,2,12.70648392612953,99.10765188992724,0.8567348159664965,15,1.0455321120755507,0.38161142764939665,491.98286116308117,0.06583464799843919,12.76602889771847,1538.173663417598,1545.7297761812285,1563.4269574112118,1593.9006342261978,3.897018095061691,3.3731536111261367,1,0,0,0,M039,2.88,battery
248.70000000000002,2,12.57558332424102,99.99688167366557,0.8565894280482605,16,1.0742266045593256,0.34912643056944426,509.76097693798795,0.122699548858778,12.94855077843784,1530.2337289539296,1588.5563408767325,1585.676104370905,1494.6309371698637,2.760222020698692,3.850069174566968,1,0,0,0,M039,2.88,battery
248.8,2,12.681273955785256,92.32529889888137,0.8564458684694752,15,1.2029231290566518,0.27285532820876257,482.4905904431904,0.1649370093213567,13.140320209481668,1541.8334695472438,1567.0750792995477,1529.3548158814947,1553.3136885020022,3.4442272392788817,2.41717354544426,1,0,0,0,M039,2.88,battery
248.9,2,12.553849284995156,93.66853346253825,0.8562967526238188,16,0.8580563601524971,0.7978091271528194,507.9668805759954,0.2681282127770461,13.197178269085823,1545.9632114906717,1555.593089865433,1544.8020058577922,1530.4150500537025,3.297213860218129,4.5117990389309774,1,0,0,0,M039,2.88,battery
249.0,2,12.64482891535973,95.43948565137262,0.856154475799215,17,0.8653524098260522,0.8428686630341146,445.13955150936346,0.256696418852139,13.343956203188112,1554.0038517331755,1539.0692232094318,1543.3781333773995,1514.1440477373208,2.384019020752454,3.2087218415520966,1,0,0,0,M039,2.88,battery
249.10000000000002,2,12.678266766901752,99.3457237538127,0.8560068873244403,17,0.9377431430165512,0.13683967865417868,517.825061818954,0.17347572057379035,13.42295913650837,1504.7990864369758,1544.7430022364754,1516.7907957855998,1536.9178357259484,0.9627527872795677,2.5293341118895394,1,0,0,0,M039,2.88,battery
249.20000000000002,2,12.483017718901355,98.74664838514664,0.8558664784911301,17,1.2362799215803428,0.3454515635829913,508.26932051646463,0.21957005695211107,13.365763798697461,1541.6723981200796,1568.1012183965436,1514.0333866528995,1521.2034167981603,2.344976696644925,3.0246240438196828,1,0,0,0,M039,2.88,battery
249.3,2,12.405230149304188,99.19164399290014,0.8557214529038937,17,1.0661730250199826,0.7150417865803702,494.5422929625476,0.09923280530669368,13.029154047119901,1585.738528022392,1579.7914750422765,1516.9585721711094,1531.6639418544871,2.627103587853746,1.9500547365073186,1,0,0,0,M039,2.88,battery
249.4,2,12.512133682965308,95.07967916313835,0.8555811044944089,16,0.9443824137992141,0.38444825842371233,471.87978318343755,0.0753169973476856,13.35209615923682,1572.4857321996046,1460.876693418271,1549.346304335658,1598.3496805262514,1.6426603696143471,4.579584895952328,1,0,0,0,M039,2.88,battery
249.5,2,12.709326400574557,91.34821453984034,0.8554392942151995,16,0.9164379726223086,0.7581252010989996,513.8659600470675,0.16223757875915626,13.242968645331624,1541.5745572884757,1548.190496281368,1576.0213370465733,1566.4002101681472,0.9454174733062721,2.5437268245919573,1,0,0,0,M039,2.88,battery
249.60000000000002,2,12.569885006636973,100.82497097542037,0.8552922368000604,17,1.017361594505121,0.5480740943169913,538.2467874659741,0.18300476387235307,13.20740311188869,1534.773154514267,1537.115932082254,1574.6976062248132,1528.4016829445086,0.6585037452907568,2.7717252119249562,1,0,0,0,M039,2.88,battery
249.70000000000002,2,12.410692669042458,95.66164454389724,0.855150906047873,16,0.8784213971025377,0.7782016254237473,479.1042746103467,0.17330423507547246,11.991705362333843,1511.2693925670046,1541.2883516520478,1555.3529360386717,1582.4069094956849,1.604563326641201,5.407668546281281,1,0,0,0,M039,2.88,battery
249.8,2,12.515436198812873,94.22644971121116,0.8549997999461612,15,0.9068766968988947,0.0810070115636562,507.00287620981874,0.08166563755466331,11.488276124687292,1561.2006522580311,1509.8838756311936,1538.0041752561715,1574.9111574960043,4.099891697433382,2.458981245615144,1,0,0,0,M039,2.88,battery
249.9,2,12.338232416895666,93.08755657741042,0.854851822478965,16,1.0602930853685382,1.0630504413077808,497.6433910131641,0.04306190572390252,11.145033115793858,1528.2678180700507,1521.8916749574973,1558.310028108309,1574.352312009261,3.370264830514013,3.636777793219049,1,0,0,0,M039,2.88,battery
250.0,2,12.442027512202914,98.73086563041275,0.8547092510652241,17,1.0749196720546854,0.9979871503377697,488.52385120089747,0.08746757792408363,11.364730037337534,1509.0520503264947,1539.9749274267615,1546.9577233952964,1572.3120363964504,6.864320316585465,3.1868799670266132,1,0,0,0,M039,2.88,battery
250.10000000000002,2,12.591317168005116,98.42495130903549,0.8545640129647631,17,1.1692880675302693,0.31335374220500845,493.9442792346778,0.22935244374669217,10.860203416314713,1571.4841516519102,1555.3942775635123,1556.992432205558,1543.464205786443,2.7870250647642556,4.7732468830824235,1,0,0,0,M039,2.88,battery
250.20000000000002,2,12.371156663262248,98.14353821709219,0.8544171960175779,15,0.9352259749863494,0.5564773721145219,467.8966989344495,0.0565399449497703,10.670112646552504,1575.8903262614092,1543.136878501959,1533.8872178679694,1557.8311309832663,6.838892344134735,3.8310966816946195,1,0,0,0,M039,2.88,battery
250.3,2,12.266125892120078,99.82408571088081,0.8542727818747556,17,0.9448230038905843,0.49297047935227767,504.6749563346801,0.20764336491904334,10.681218355953643,1523.5380268156237,1505.6152063485158,1543.4221191093684,1532.8362328904595,2.2490683269058143,4.731123414449845,1,0,0,0,M039,2.88,battery
250.4,2,12.540479520222824,99.28853894095847,0.8541333773282723,17,1.030360611523592,0.898053558331361,505.9454877559873,0.018752999014948195,10.146468219001822,1549.8007674237465,1481.3894720367166,1538.9289615884945,1569.557138602251,2.3262205146900445,3.286152683530152,1,0,0,0,M039,2.88,battery
250.5,2,12.435022281831907,94.47633984189434,0.8539871419418619,17,0.9733291582784226,1.9232300164506166,450.7996661641455,0.1897700264015718,10.700979545561767,1526.5256036083883,1568.7501090648498,1526.320769960627,1537.7924377611128,3.5995045645026345,0.8491419584089789,1,0,0,0,M039,2.88,battery
250.60000000000002,2,12.078316263678902,95.31469530088907,0.853835838099166,15,1.0156924285498765,1.6951113740269363,507.1155285802966,0.22428212433248068,10.730775454829631,1518.4639507168715,1519.8777438647232,1539.6663989243707,1573.0066841496316,2.5892747459820518,3.035861372519042,1,0,0,0,M039,2.88,battery
250.70000000000002,2,12.235529820539222,99.86940389914443,0.8536873671260459,16,1.0440540312484445,0.2689781723493534,509.7287961206096,0.13386025648242478,10.632583845560356,1529.465583374587,1562.9687195590866,1548.135900242608,1589.5566797895915,3.3073791353030395,3.1547659132905244,1,0,0,0,M039,2.88,battery
250.8,2,12.24610092790941,97.0381291367928,0.8535433868821367,17,0.8807186608019294,0.1964913943738113,482.73964246389625,0.05087125736861017,10.791543325416317,1527.1440690297425,1537.5012535239914,1592.1189130876207,1572.031473994574,2.6899049397221275,3.990692911521342,1,0,0,0,M039,2.88,battery
250.9,2,12.161678337960295,94.42953258242594,0.8533964525913068,17,1.0484871607171802,1.6066139715195555,489.2864650897453,0.17036946936046693,10.639848039615632,1560.630859817306,1543.9839213719877,1556.0062026907642,1520.136743876671,3.34783227478548,2.8139104497136587,1,0,0,0,M039,2.88,battery
251.0,2,12.290187471901488,95.27758248582325,0.8532530751410401,17,1.0843131723327897,0.5696806499589272,488.1994864366428,0.04376928090377227,11.241648342830024,1552.0686449861234,1507.2639799270771,1517.7064721031581,1556.6304764716401,0.8459999052720264,5.104237626178865,1,0,0,0,M039,2.88,battery
251.10000000000002,2,12.219827886814818,97.57907087136536,0.8531062642683112,15,0.8543376291300281,1.1934272042451315,511.3364172510522,0.22230014914811957,11.218862501969667,1511.8678354017588,1516.2309956929362,1529.290566528463,1553.3509993610621,3.5892499761920913,3.5752868611548596,1,0,0,0,M039,2.88,battery
251.20000000000002,2,12.112665682858117,93.43998841026882,0.8529619460768751,17,1.0642596041772052,1.5521213635411735,472.05704152844265,0.09274154109080812,10.576866245019321,1549.7013906616385,1513.875982859607,1505.266818954858,1521.5672438321246,2.128571779574405,3.121985275282621,1,0,0,0,M039,2.88,battery
251.3,2,12.081806224714319,101.66508311103719,0.8528128289660526,16,0.8944273584446317,1.1269247525298018,520.769511797128,0.16349739622442824,10.995046291658031,1567.557015165809,1564.5311257422159,1558.5397386067586,1547.007314139841,0.755195029473802,1.7903590830342444,1,0,0,0,M039,2.88,battery
251.4,2,12.082924431727179,105.2004388873332,0.852670052674461,15,1.1038298211429924,0.2957856091488812,498.395064241375,0.20968376142460038,10.720030753544002,1549.4877138406011,1529.0881068020244,1596.5521289167389,1605.5226793860077,1.1819069334686505,2.9646048931613462,1,0,0,0,M039,2.88,battery
251.5,2,12.27700072845301,94.97564577540314,0.8525265583664704,15,1.0270038528614738,1.2254494104352736,504.3467805160626,0.101810145001212,10.225337364683762,1578.6013798025938,1586.8609324743431,1524.8532876407378,1504.32834447989,4.797590095463942,2.530674063452919,1,0,0,0,M039,2.88,battery
251.60000000000002,2,12.283375544608838,90.84082760493483,0.8523865844051687,17,0.8539065204574705,0.5611018750634589,472.08420274448105,0.2242932508449298,10.378950647080988,1540.9865895554665,1540.5816898459161,1564.5244024262975,1494.817703794023,4.302492044651381,2.874936618706216,1,0,0,0,M039,2.88,battery
251.70000000000002,2,11.924988616962686,93.1075345716672,0.8522353864876202,16,1.0057148101554494,0.6039636963003162,531.98823761763,0.08769737257689374,10.41002001886817,1533.2452076547781,1579.208076670741,1565.142710489721,1587.89658858684,2.9421489142776496,2.4934321118801592,1,0,0,0,M039,2.88,battery
251.8,2,12.23622350560916,97.8050877540456,0.8520840226816706,17,0.8522613539556522,1.1026600931520947,514.9261156044382,0.1318244433914616,10.155687437262166,1560.4080086535848,1604.5103010554249,1603.3179205348456,1578.0357056703658,2.405062285556018,4.732289204339867,1,0,0,0,M039,2.88,battery
251.9,2,12.336086022316154,93.59350998212912,0.8519381334065164,15,1.1613333380162547,0.8173439779744404,508.949912385451,0.08350881781649251,10.618049308915946,1605.180312653879,1594.0333129716664,1592.0988799054123,1566.6560577582256,0.7564170674326052,2.5726972200693394,1,0,0,0,M039,2.88,battery
252.0,2,12.302182946905946,91.17189213393067,0.8518001370798141,16,0.9155878307388717,1.5778150812706204,475.0069287721702,0.15866186695726456,10.119976352525768,1535.9695707851695,1529.2536210497465,1550.4826175914304,1539.2955952466439,0.9572996877446573,2.9521427894856345,1,0,0,0,M039,2.88,battery
252.10000000000002,2,12.05907001923391,99.02889669851085,0.8516521765872447,16,0.9271239741057478,0.9026370101161985,521.5187050583056,0.05431673415480191,10.35659558704698,1557.0218258177372,1501.8637184712697,1559.1285208159782,1572.1092000688052,1.412159475628739,2.7745565493964257,1,0,0,0,M039,2.88,battery
252.20000000000002,2,12.16442950676171,93.41242680084586,0.8515024976905543,15,0.9675812734192797,0.6515670993865446,520.1699770383198,0.13945674034943956,9.549315415715089,1509.2580757828607,1550.3235565418188,1554.9983628941486,1502.1598307985705,0.9871086310064677,1.7841026309150552,1,0,0,0,M039,2.88,battery
252.3,2,12.181777412002253,97.61054721904398,0.8513567736735654,15,0.9722356244135398,0.4342890916999288,475.1629725646642,0.050161062733316254,9.37019880939261,1532.4785843563488,1561.982919736289,1558.8470863610753,1555.102789017474,0.5920833789445937,2.398743166503912,1,0,0,0,M039,2.88,battery
252.4,2,11.963417923707329,95.07417735032121,0.851211272199582,17,1.0297521612994287,0.7162928885777252,498.1140535520653,0.11047345457924931,9.151412364141908,1537.3746379831298,1540.077688241605,1583.3314977204386,1554.6261363894876,3.981229116053468,3.0085350241081605,1,0,0,0,M039,2.88,battery
252.5,2,11.957159666927426,97.84228756327936,0.8510593064510448,16,0.813806823634656,0.6116121580542335,514.2692129200154,0.18583521095779348,8.79051931056972,1566.508372563993,1584.6010043563222,1615.4970348418967,1502.753140236404,1.6932056078604547,0.9529710544735006,1,0,0,0,M039,2.88,battery
252.60000000000002,2,11.994426684973668,100.33622740714515,0.8509162284495378,16,0.9922429712037188,0.5699429407884652,522.9352576742905,0.14545872427934836,8.766699194442397,1548.1551411917508,1537.005470483987,1538.25738473506,1536.868576119364,7.166296457873924,2.4769396282856175,1,0,0,0,M039,2.88,battery
252.70000000000002,2,12.065861864001352,103.44098000293386,0.8507687164762283,16,1.1076973419997793,0.22358886181599175,533.7090928075174,0.05510988072486703,8.307059298966024,1550.8919247286537,1531.3185955874794,1559.7336603051308,1553.443792396323,6.646611650962704,3.3292403549963545,1,0,0,0,M039,2.88,battery
252.8,2,11.911071094745614,95.6239532989324,0.8506249221042007,15,0.9495861298709345,2.126279995452535,490.5518166114197,0.07077506827731092,8.342014227447875,1523.6251104257428,1532.935439433425,1579.9694064854757,1579.1598459881254,5.2997750340376095,4.447377828919038,1,0,0,0,M039,2.88,battery
252.9,2,12.307027352724194,100.94731346597439,0.8504804714929212,15,0.8699416256656521,0.4424679695086071,510.32991073935864,0.17425065231550874,8.722092385296802,1522.9085905813477,1569.3775727393372,1551.4929780749023,1583.233618160089,5.086852420243941,1.5893884370989322,1,0,0,0,M039,2.88,battery
253.0,2,11.915523282533947,101.41487470331388,0.8503309235994294,17,0.9401751049635997,0.383151188424005,491.1746363178128,0.07094703860768672,8.928269520083864,1551.069391899265,1566.4421143580494,1571.2889240180943,1560.3142622801145,9.190093600089634,3.3178319369201708,1,0,0,0,M039,2.88,battery
253.10000000000002,2,11.801894315078385,100.93690140921458,0.8501819471221386,16,0.893026450455579,0.485797990195272,508.48192593879526,0.15712657759995563,9.021023467851837,1585.2162858183372,1571.1072793252233,1502.3901273781355,1547.6363584801416,5.201657547236637,2.879070386250482,1,0,0,0,M039,2.88,battery
253.20000000000002,2,12.03732743172982,98.5520327840027,0.8500360384852315,16,0.8942158186635265,0.751379379901804,485.2480487556448,0.26966319323390703,9.3965611705266,1557.9970346769935,1570.031205552522,1569.0383857928748,1526.468532527206,4.066268547869981,1.3551656906476928,1,0,0,0,M039,2.88,battery
253.3,2,11.80735966126368,101.91706831543007,0.8498877678326475,16,0.866780450511699,0.09999321674419863,485.5135212543797,0.14268078382638183,9.797469981764426,1525.669682571565,1513.4650587919186,1546.1551077399824,1513.6324244728855,3.9137225644357843,5.113153537887449,1,0,0,0,M039,2.88,battery
253.4,2,12.116022217957486,96.10939240197783,0.8497328382015127,16,0.9631153525946295,0.9406851750078573,499.9727802159873,0.15862469223540887,9.821571721240245,1530.234071100336,1555.207429287609,1521.1275256349438,1523.8681701653322,5.345493632492912,7.0169810010679505,1,0,0,0,M039,2.88,battery
253.5,2,11.891638837864834,99.20734631504759,0.8495806255197251,17,0.9167170918546347,1.9532657158823719,502.8592415011054,0.04986083211719559,9.561096990180895,1571.435910749492,1593.3561331490116,1561.9039335752186,1516.7515449762573,5.627915194509228,4.497623249870227,1,0,0,0,M039,2.88,battery
253.60000000000002,2,11.771192974973973,95.79515378322533,0.8494343204037145,15,0.9013569319484789,0.7720307648889457,518.2327620806608,0.16082214728838418,8.742712440172237,1557.2870397173806,1548.545817035086,1550.2912291629514,1524.431215206624,3.023969925175142,2.6997443411890583,1,0,0,0,M039,2.88,battery
253.70000000000002,2,11.686021356784448,98.91023911605961,0.8492901857225271,15,0.8403250315987,1.075140785645909,477.07679363288634,0.08340176587733122,8.798822604540156,1553.913400900559,1576.2324800092472,1591.131363058058,1605.9865639408624,2.9801536939881137,4.69821996152033,1,0,0,0,M039,2.88,battery
253.8,2,11.7183945302655,102.51239049312684,0.8491377115505263,16,1.0120018736475216,1.3446382729075244,505.9804201018383,0.08028228051127646,8.737170049874672,1570.0123890336286,1546.6323459230905,1538.116655058741,1562.0965372800274,3.36149469200884,3.3151042594455298,1,0,0,0,M039,2.88,battery
253.9,2,11.929730451782433,97.35388375020705,0.8489957758612379,15,0.8984675030390668,0.3142892656974827,516.0782945415154,0.2673648895103263,8.402161379700221,1534.682256851892,1562.6840616886934,1563.6029404705787,1587.4681466462164,2.6249581334903156,3.109034200647142,1,0,0,0,M039,2.88,battery
254.0,2,11.999577813415767,97.44224372218332,0.8488450015140878,16,0.8577502481532968,1.5158619479529856,502.14142058803213,0.04373868120857654,8.923664752966808,1593.0215420675522,1557.3815904884727,1536.7334552787618,1569.6280212058625,4.276543704705115,3.4301737765854448,1,0,0,0,M039,2.88,battery
254.10000000000002,2,11.835412725187444,98.57416061908427,0.8486986398414939,17,0.8414511373510307,0.3278241494205432,492.5283201471614,0.0343576537576893,8.59571157432492,1588.8562470027732,1570.588560910538,1534.2939448227576,1509.1834480255081,1.4586526830111493,2.974766641671329,1,0,0,0,M039,2.88,battery
254.20000000000002,2,11.566136532916563,98.02976618616134,0.8485511134832767,15,0.9822950492666627,0.6731319669781626,504.2685099464104,0.1049084142891236,8.067439979960191,1544.7570512000987,1544.437079342819,1573.0094706966177,1542.6433696835388,2.833960351962127,3.839158909546623,1,0,0,0,M039,2.88,battery
254.3,2,11.767047418614908,95.1176276530432,0.848410974185603,15,1.129305169377591,0.5654777445458565,488.16907716735955,0.08135689458130632,7.725594352099799,1531.7424026600784,1581.015032183942,1570.1227064874045,1522.1055045519822,4.714111397195152,2.373782755495733,1,0,0,0,M039,2.88,battery
254.4,2,11.874015415071652,99.82601281711322,0.848266663753819,16,1.0227506949987104,0.4864016352196603,501.30894430349144,0.14411116601010263,7.836772789622894,1554.0435934873608,1564.7137483285471,1514.2471953357551,1566.70074567668,2.0067449784040936,4.32747819150023,1,0,0,0,M039,2.88,battery
254.5,2,11.809946827568313,99.07543978920438,0.8481245329607463,15,1.0333679717265434,0.42032747404365733,509.47655708683374,0.1148407959003997,7.705320912276665,1553.4872117658865,1517.3205938645192,1531.1092104839288,1583.1301947307331,1.1544203100264576,3.0021455495626577,1,0,0,0,M039,2.88,battery
254.60000000000002,2,11.690446135404821,98.55199090168551,0.8479800669987555,16,1.0221209220842762,0.22537851754765048,520.4643770981062,0.12209603912736444,7.731237307274084,1528.4602071398979,1554.1612318014932,1551.406722777291,1579.3832458514917,4.136931077401086,4.638134582892118,1,0,0,0,M039,2.88,battery
254.70000000000002,2,11.798603443671695,100.90303196880083,0.8478356103726128,15,0.8683179864719023,0.8319755129696713,486.17385569257334,0.0971170398799993,8.090922049367997,1591.6383551500587,1535.7664076176789,1536.4477501230106,1556.7491525199082,1.332827082906204,1.3547097580496796,1,0,0,0,M039,2.88,battery
254.8,2,11.803357958798719,98.64483181694945,0.847694485094135,16,0.9053542929563229,0.1602512980604135,483.45046371655394,0.29043446593017824,7.736052074822633,1504.6409755576242,1544.101108358134,1547.5319986300676,1565.0642074689847,5.240136976073709,2.48669914292209,1,0,0,0,M039,2.88,battery
254.9,2,11.733097474199347,101.79081581712029,0.847542025780357,17,1.13183324215016,0.49484917342856044,513.8778868134071,0.044019177604278585,7.63399156322324,1604.0563590114364,1582.255511241794,1547.0673561588064,1595.000433855883,2.5981146748432744,5.279253363937473,1,0,0,0,M039,2.88,battery
255.0,2,11.539480643456264,103.54487877451652,0.8473915323189686,15,1.265667648131794,0.8226810989096071,522.2531456044076,0.27572566384358616,7.553568876882694,1563.0396979643272,1558.947037618993,1570.8005728119163,1581.855125668947,3.8573711186471513,3.096343147413469,1,0,0,0,M039,2.88,battery
255.10000000000002,2,11.708749771949506,97.68888466595709,0.8472434281114272,16,1.264816072046567,0.14777931532109456,479.39797567414814,0.1973836257969997,7.4820176188150525,1547.3489305189028,1575.754523527611,1530.4022763388375,1577.8723930151154,3.994865690050438,3.1481509262692278,1,0,0,0,M039,2.88,battery
255.20000000000002,2,11.657678444312321,100.18168046430499,0.8471017493260558,15,1.0200942714842622,0.26384476089734943,509.29560452857345,0.01896131047486023,7.687755725371742,1514.446457891751,1562.122929812864,1537.3010767433568,1519.4465301443813,2.4397144348255426,3.426673716178812,1,0,0,0,M039,2.88,battery
255.3,2,11.794193113109717,96.35019160630014,0.8469553834608511,16,0.9512753355095022,1.5821984138566534,506.21610584950787,0.10130600850828103,7.405606819034305,1583.2497369905857,1570.0429563862074,1549.827404417338,1517.3689853532358,1.0357777099765861,3.5845443286549745,1,0,0,0,M039,2.88,battery
255.4,2,11.710138964682837,98.46363770531191,0.8468126387667976,16,0.8806667017820226,0.3807083794830835,489.992125025077,0.12609688720286227,7.506608327780318,1572.597341141491,1539.845445899677,1544.2580480695299,1530.4289885434143,3.2219105682310163,3.8032536685568035,1,0,0,0,M039,2.88,battery
255.5,2,11.593711919462352,99.6755334687887,0.8466667862546111,16,0.8457638936248467,1.5076494466929247,523.6249886267351,0.26392270519281624,6.9332734449701166,1556.939882554706,1534.4136012675096,1541.617357727048,1560.8053114913532,2.567228278919891,2.6679021574343675,1,0,0,0,M039,2.88,battery
255.60000000000002,2,11.348931095854228,97.31364379346766,0.846519221173308,15,1.3181889046432513,0.12585064783497496,471.97916224047265,0.16960972763725773,7.0107844680833225,1546.336029819279,1578.0122100128067,1511.299654886472,1549.604809197845,3.330624398340915,3.7226252388777628,1,0,0,0,M039,2.88,battery
255.70000000000002,2,11.664402421294827,105.24836183126935,0.8463774857793965,17,0.974188424548589,0.9131348419432503,500.4467042470779,0.05235284036437107,6.819353008216753,1535.3318607169642,1527.2782118324278,1551.0157544890342,1545.19437147815,1.1205593194888868,3.1522119170099896,1,0,0,0,M039,2.88,battery
255.8,2,11.645545906350675,98.29629756305624,0.8462292502829871,16,1.0897332998058495,1.1518771449755054,470.3757838969063,0.05398287590605895,6.704973915744327,1544.8254241334498,1556.8218365163564,1539.8780463803964,1530.725808177006,2.694083824888346,4.2002823228324,1,0,0,0,M039,2.88,battery
255.9,2,11.32969668055151,90.94873191503356,0.8460969630106888,17,0.9333711849923809,1.8334120769258515,478.6241369767278,0.042697145431405244,6.914709369196434,1511.228455284203,1597.5710263394897,1510.3440920132825,1546.0776350830029,6.341798832973509,2.7547029803331893,1,0,0,0,M039,2.88,battery
256.0,2,11.376430231636798,102.77078440545978,0.8459540399828007,15,0.907935427573948,0.13976853709924109,514.2222980107307,0.1475613977620591,6.976533171948868,1583.756910483546,1524.363833147316,1554.414749970788,1528.3181252756503,3.0605353258330132,1.9253550538179147,1,0,0,0,M039,2.88,battery
256.1,2,11.514043736814747,86.48718812632237,0.8458083447976581,17,0.9876086371751109,0.4925161971694699,499.07804901537025,0.015800058430857685,7.0980958459882215,1573.71972870411,1533.2411640617208,1531.2056463305364,1570.7321350553632,3.2425051904479854,2.739968058016959,1,0,0,0,M039,2.88,battery
256.2,2,11.385718333603748,105.66276056631379,0.8456558526662795,15,0.9786175317867525,0.39990153272662704,485.8270805185868,0.33852819616015795,6.847590546710613,1561.6101080678445,1568.7473660220494,1536.891578289516,1550.0435274133652,5.463193116764602,1.7481611999895317,1,0,0,0,M039,2.88,battery
256.3,2,11.390271237030289,98.14562205344744,0.8454992860262892,17,0.853640382591859,0.4239270235795376,515.804503566974,0.051416399787660126,6.96032216115396,1574.540665953337,1516.2020429969737,1556.1712309642046,1546.1361659468541,4.495138843352615,1.5754311273289137,1,0,0,0,M039,2.88,battery
256.40000000000003,2,11.39052455391577,99.72452153364301,0.8453508126335503,16,0.9618124220683323,0.8518038176835072,502.88439185884016,0.12248653958725685,7.342930371692927,1509.2613078753363,1553.7338008857862,1545.492030387449,1568.139166327812,2.38771962674021,3.4914913505132885,1,0,0,0,M039,2.88,battery
256.5,2,11.55273724565187,95.66958504385894,0.8452099985350747,17,0.9862610922287299,0.08517614382982637,512.040195531854,0.20731030472660378,7.1224089277377995,1545.1102467265332,1525.112947217749,1525.558231793221,1550.5238752010944,3.185190076450204,2.6296502192611033,1,0,0,0,M039,2.88,battery
256.6,2,11.343498235770943,102.99125594214945,0.8450605323511349,17,1.1110655584325804,0.29866523924944177,512.6972728383532,0.0787484986016535,6.789834655316919,1545.6024639095028,1519.6246539384786,1484.707705047821,1555.4937497307046,2.9064235235783324,2.3674570410643563,1,0,0,0,M039,2.88,battery
256.7,2,11.377415630643837,93.08054048991076,0.8449148362830449,15,0.8942713518754838,0.6553302490303486,487.1823604024238,0.0763031465756722,6.903635809454105,1540.2142028400754,1504.8077866429041,1555.348071720075,1501.7116276181284,0.5851608600969865,4.685791187774135,1,0,0,0,M039,2.88,battery
256.8,2,11.311312042702871,103.18208329643596,0.8447671249635187,17,1.10262485807922,0.8630806943701572,497.05957409045226,0.04099801136566174,7.362246900510697,1575.6485108651823,1517.6112497383285,1566.6929965842653,1558.952801939495,2.7800748079291417,2.4956453406339385,1,0,0,0,M039,2.88,battery
256.90000000000003,2,11.234603040508137,102.8379165162944,0.8446202036632893,17,1.4558348670486487,0.21301999052714266,476.11004411962557,0.21487898045207152,7.27869576622579,1553.4415730104436,1544.8892294929392,1538.7342196959419,1583.5319046699826,1.5606748885938029,2.5681513565057807,1,0,0,0,M039,2.88,battery
257.0,2,11.592211683868461,97.94073089232685,0.8444793514386881,17,0.8388370276050073,1.334290742823577,449.8154077030687,0.17827165122132047,7.106610884950244,1571.6406038153252,1535.7556422646094,1518.8427690496,1566.8630154829857,3.1091754749159093,4.476040487057283,1,0,0,0,M039,2.88,battery
257.1,2,11.393664025857381,100.90882630199562,0.8443349795469643,15,1.1618162455612462,0.4863880333939569,515.8224860260656,0.2521590238568249,7.255471728950591,1549.0177621868095,1540.6763375538071,1597.4378163530614,1528.809473598423,2.756307852664737,2.698961558430243,1,0,0,0,M039,2.88,battery
257.2,2,11.184559411979013,99.95662948161198,0.8441969279737522,16,0.9256751127001327,0.8677803112810741,514.7993825937288,0.09364853145817598,7.198989185379741,1580.1828743933647,1555.3125434536373,1583.3651597321075,1610.767889253789,2.553997555614437,1.8965218531578734,1,0,0,0,M039,2.88,battery
257.3,2,11.339264581044244,100.62175385359251,0.84405205159449,17,0.8682524365904303,0.5176446048225044,497.91887214406484,0.1186641554418025,7.142463836925294,1586.8703461142663,1559.5610393896998,1529.5486219028612,1531.563336397161,2.291641633099653,2.3371148948063065,1,0,0,0,M039,2.88,battery
257.40000000000003,2,11.261010667325971,96.35851878410895,0.8439132155004829,16,1.2703777909418912,0.5337713404957117,489.1718428163341,0.03303891691511635,7.27052616854823,1500.4769638294906,1573.5542796591058,1557.59527359251,1553.311953429454,3.537376630072316,4.5589538694387794,1,0,0,0,M039,2.88,battery
257.5,2,11.44015470598242,96.23726762948237,0.8437709333130163,16,1.0986164304673758,0.508028828407936,479.9263386239392,0.12262000914987675,7.228031423328494,1540.30788228238,1575.7231688706229,1537.330456781769,1518.3588299514292,2.5039711581499415,4.291369710816876,1,0,0,0,M039,2.88,battery
257.6,2,11.263738052524348,97.76769960407736,0.8436167777576049,16,0.8269655401466777,0.1545042983477708,520.1844173156487,0.1372468737087302,7.159792131783791,1534.7086736901947,1602.638991080596,1569.1350853408453,1551.378117184842,6.409216474329995,3.9506077920482663,1,0,0,0,M039,2.88,battery
257.7,2,11.012496602388344,101.70380602290423,0.8434682253114317,17,1.0266363320656833,0.5099875940861249,511.4968319110018,0.2643907840737676,6.947913382341365,1543.992797016074,1547.4377632939263,1556.3884560845654,1552.190483914343,1.2010226741873968,3.8276904943660375,1,0,0,0,M039,2.88,battery
257.8,2,11.142739447470957,107.15842914876463,0.8433196013586488,16,1.0009350085435007,1.9468767663716473,462.9247303390906,0.07224334892457546,7.536120021337861,1592.4701850603133,1546.2762503694153,1540.3208621791568,1548.1771754121148,0.7454278226991174,3.4823424988975398,1,0,0,0,M039,2.88,battery
257.90000000000003,2,11.179650097126324,94.94075291198175,0.8431752303897135,17,1.0954428702977095,1.1200165302127258,502.5080153117113,0.06092107088722281,7.744217638473543,1555.9874500637518,1498.797796225713,1569.533040879363,1502.4945376678031,1.8935808223729884,3.9289845147689997,1,0,0,0,M039,2.88,battery
258.0,2,11.333206916919337,101.76085371322307,0.8430344627910458,17,0.8970428900470555,0.12751708539163548,486.3847746158367,0.045237013211487015,7.425150472711591,1527.811835361798,1580.9764710771408,1581.1416875683826,1577.9133259438343,2.3955636190696046,1.4508929845629936,1,0,0,0,M039,2.88,battery
258.1,2,11.101102430794162,102.15204660930554,0.8428897253553715,16,1.1900531222647865,0.5423907326034585,505.7313238823952,0.2636823049061492,6.9973731907000785,1582.7864271820642,1558.8669870046813,1558.3347622319948,1522.7276748170152,2.881679233476283,2.703908524310523,1,0,0,0,M039,2.88,battery
258.2,2,11.153740574582471,101.32919748574278,0.8427501867782401,17,0.8972770761919178,0.9618670774188318,495.9080788992195,0.018704840358771048,6.601283612577645,1537.6125319697667,1600.5228783018083,1531.6558917207883,1521.618658811899,1.5977137657124407,3.516620275361391,1,0,0,0,M039,2.88,battery
258.3,2,11.013266247974258,99.39054193032129,0.8426017253973674,17,1.0201718713268975,0.10119942315696762,498.9491245663274,0.04815886090811089,6.4519216980254726,1520.474894245277,1527.5815747192519,1517.6335246963533,1555.864109098883,1.2312292109365197,1.8234358055324482,1,0,0,0,M039,2.88,battery
258.40000000000003,2,11.096001001407704,105.09478013111814,0.8424608823142342,17,0.8988287321670855,1.047569948637129,506.1297131074479,0.15064063634769032,6.183618909862166,1537.8784943458677,1517.4444810927184,1569.4411175725736,1552.4338540275055,1.0605063088503597,2.806906800594361,1,0,0,0,M039,2.88,battery
258.5,2,11.414220874273683,96.91383623964293,0.8423172950234664,15,1.0255075944647731,0.24488756274765835,496.8966792522576,0.22597479924070563,6.242145316254948,1562.9415898392747,1553.9860232359797,1566.2951202577956,1532.861757433686,2.014772937983935,3.0002819292383416,1,0,0,0,M039,2.88,battery
258.6,2,11.03691054471467,95.9853582527951,0.842162991669813,15,0.9371571024293642,1.0367580636068614,537.3746834558492,0.18294750327588052,6.02030171633936,1544.009968944727,1548.3224232795003,1583.0743486416163,1569.5941735704062,3.8555986683958428,4.878416905171687,1,0,0,0,M039,2.88,battery
258.7,2,11.103410133059786,103.65531014920637,0.8420133469933874,16,0.8529825267555936,1.9551839997340288,502.6960123531652,0.24240450551294007,6.103234945008826,1559.1210518523685,1585.7704339094948,1553.8178266125135,1565.7190335242528,2.7240171415866286,3.124175934638621,1,0,0,0,M039,2.88,battery
258.8,2,11.042904836031939,99.80025893144997,0.8418652712979806,15,0.8923647008746648,0.9037427682472482,488.0279909071781,0.04033851457478152,5.3308527098173215,1530.8671501180663,1511.09467004784,1564.0776891512792,1547.9342362828631,1.0380194301806904,1.6069504454282368,1,0,0,0,M039,2.88,battery
258.90000000000003,2,11.306718160809783,102.13096815978184,0.8417193331962278,17,0.9301309850442331,0.25347404401635304,482.6296145842467,0.2341618549683251,5.557358583074882,1559.4823948164,1606.169967677159,1555.3413185543075,1517.4491763707513,5.607665622495948,5.052923744733934,1,0,0,0,M039,2.88,battery
259.0,2,10.921068149422336,93.56694124776071,0.8415683956774586,16,0.8527059380981162,0.7008682476429182,506.11018999448214,0.02533946517006778,6.070721362995616,1538.727395870641,1546.0292611940429,1556.843651123285,1575.3354151048538,5.122168363711641,3.6283219702296514,1,0,0,0,M039,2.88,battery
259.1,2,10.959397159377296,104.41570651122586,0.8414138166438395,17,0.8409179497480679,0.6534592734398509,497.29122565108753,0.19906304336410405,6.253029998896326,1550.60637286116,1554.1023095099183,1598.341178203873,1554.4357460117444,1.2064340766282435,1.799784460699768,1,0,0,0,M039,2.88,battery
259.2,2,11.114681791012716,96.1853405642626,0.8412700908260392,17,0.9598263126289571,0.14163731423902307,479.73093103991886,0.15984227943722124,6.269683279378302,1534.2489270748567,1580.7286595127368,1553.216488324853,1572.8027575511355,2.126005541361224,1.8479779046753253,1,0,0,0,M039,2.88,battery
259.3,2,10.963725686241876,97.37969951412002,0.8411256245433977,17,0.9414462436033634,0.6100270987937723,453.1836954385126,0.400957642213713,6.083349253564691,1554.7496547417238,1616.8784109503454,1562.1729595955821,1545.118752972248,5.266380011931926,5.604528248066108,1,0,0,0,M039,2.88,battery
259.40000000000003,2,11.151735440235516,100.2595276528061,0.8409830210878213,17,0.9160840394314246,0.3102312017674185,505.8033339985737,0.2080285797730646,6.155104466036734,1517.1301120225564,1552.6770433103698,1581.5099307510827,1513.5800197756903,1.9726761566859121,7.687573033086753,1,0,0,0,M039,2.88,battery
259.5,2,11.096363030353325,100.15405262014954,0.8408390079173621,15,1.012375863430919,0.16277861860018367,515.4347892621049,0.09331697740033713,6.282810921155011,1570.29376443293,1545.3862126689626,1542.1339994582233,1556.7553624156346,2.932827089552569,1.7967746204828428,1,0,0,0,M039,2.88,battery
259.6,2,10.932446837499326,97.10100213718293,0.8406926088617063,15,0.9107946033216675,1.1549845146559696,511.4192848496644,0.08611725184772238,6.313191070282519,1572.683174405024,1540.4056919766094,1591.4392404858738,1503.7374562676168,3.597770178146556,3.4660174899585545,1,0,0,0,M039,2.88,battery
259.7,2,10.897390304778625,102.55757311851568,0.840544670860138,17,1.0341429108232234,0.24994001838353264,507.3326304989285,0.10499620976094788,6.489619626240325,1517.8884513378232,1556.9404285402304,1538.8434114292966,1576.5998826384655,3.3330046265268374,3.999963423775217,1,0,0,0,M039,2.88,battery
259.8,2,10.636962990048827,103.5360526318023,0.8403987852408089,15,1.0087992970736377,1.1254014659163816,500.10140214477616,0.16317017042962556,6.451641165732805,1564.782751292327,1505.8376780512792,1549.8387377652873,1543.431987190268,2.97321039304998,3.7995441180966,1,0,0,0,M039,2.88,battery
259.90000000000003,2,10.929502236275447,98.87887307398671,0.8402507597061585,16,0.9956117861521122,0.6185461504499133,495.49144242709457,0.1463617546224499,6.488126930302501,1554.2015984731775,1576.1995262902271,1569.4442242516368,1514.800134033505,2.0761188385873286,6.764385415502298,1,0,0,0,M039,2.88,battery
260.0,2,10.784242572330134,98.6369738915489,0.8401027887769199,16,1.1473094889736979,0.6744661219866612,527.7046099083495,0.08646962068601198,5.8141239790122015,1522.062673287659,1534.225291137031,1535.186454534273,1586.5262312313898,3.083026658504048,2.4324416063713254,1,0,0,0,M039,2.88,battery
260.1,2,11.051481297700528,105.83863967957495,0.8399614221841066,16,0.9408274684090817,1.04168042326635,503.80026893782656,0.05058310284707332,5.489895882970509,1546.7687415012579,1550.4536556329945,1567.682507672853,1529.1906891781778,2.837167081910036,3.7596895821960508,1,0,0,0,M039,2.88,battery
260.2,2,10.830147310386968,104.1875045871,0.8398148288401365,15,1.0188720986169542,1.1611177081606612,526.5661966145165,0.15803161307535057,5.48590937391485,1517.00182908985,1563.7888353369124,1497.1591110362137,1567.5871469249894,2.0661254257104003,2.4576371582484833,1,0,0,0,M039,2.88,battery
260.3,2,10.608476605989997,101.75363379593502,0.8396664136606076,16,0.9692911785159464,0.5491113416614448,465.4856881609734,0.07793650472605743,5.366106902975557,1513.123793016495,1506.7519017923903,1563.906061040615,1536.1014071630027,0.40631480752641846,4.018536747899791,1,0,0,0,M039,2.88,battery
260.40000000000003,2,10.682209760655313,99.81812981257409,0.8395217953908747,16,1.0604779516968794,1.1305122304451607,503.16186834599534,0.2337570916065459,5.398020094550254,1547.792112462462,1554.380572659943,1554.4096293713494,1571.4028664334583,1.0887505912470696,6.154453654335169,1,0,0,0,M039,2.88,battery
260.5,2,10.914366104694986,101.82807042267551,0.839373513693814,16,0.8490995030628121,0.7607983128303706,519.7982243981041,0.05931308851572956,5.23101891383888,1532.793185872922,1564.2088591173056,1556.8564378480005,1540.1298293492216,4.59680832740483,2.1293624151261206,1,0,0,0,M039,2.88,battery
260.6,2,10.65503284134485,101.78325558157084,0.8392263472327584,15,0.9611127393017037,0.48265723296396684,494.76525332932835,0.26182326859886945,4.800932239458045,1531.835786573227,1537.9043332761469,1545.6518088463158,1553.9227898312013,4.485821149946916,3.893401494974314,1,0,0,0,M039,2.88,battery
260.7,2,10.59685066107718,109.45994894802779,0.8390772469240331,16,0.8768145512859209,0.19762552069777248,516.717123443434,0.07743779654157248,5.284421244195725,1561.4041742268341,1501.6974975402713,1525.3766039348711,1574.6066994511693,1.3112495811089273,1.0698696568696606,1,0,0,0,M039,2.88,battery
260.8,2,10.850523325173109,101.46065503379228,0.8389332473578398,16,1.1827360922227412,0.9842206016130906,489.2280774871871,0.06492726655244435,5.25513744360944,1549.6384209750206,1567.2202998934406,1546.5874137731469,1514.6913488239823,5.194958258846433,1.3977562280856572,1,0,0,0,M039,2.88,battery
260.90000000000003,2,10.968491003434574,104.82009930676404,0.8387791972793468,15,1.0871954792738658,0.5899776220120005,527.7576069165416,0.08849736012624315,5.185667396888651,1558.745058913016,1539.6389472534918,1549.0253201299417,1519.1854662424971,2.684659591734963,1.9294395020742217,1,0,0,0,M039,2.88,battery
261.0,2,10.909175517074983,107.17925176179025,0.8386320459580686,17,1.140633012973824,0.6772682578660891,500.9135654715967,0.09071269867138743,4.852991689423241,1555.0376658153755,1579.0885864566287,1515.950807291001,1569.7104385037937,7.262205526412536,2.4107524517256596,1,0,0,0,M039,2.88,battery
261.1,2,10.801838870225808,106.81702520848762,0.8384879961000896,17,0.8647821562822159,0.036252912463173796,526.0707087808878,0.13857189381282353,5.101769299032297,1576.9233353923498,1578.9433496220813,1531.799161089285,1559.4359375097363,1.9000989543133726,3.235843104752218,1,0,0,0,M039,2.88,battery
261.2,2,10.71810343147917,106.57608764899489,0.8383443100484534,15,0.8249083687863726,2.0087014674738084,494.3637822823949,0.09008860560161935,4.626801249790141,1537.5200795105382,1548.3465725299575,1530.621681965986,1555.2748899773655,0.5874128213523861,3.9794422328857264,1,0,0,0,M039,2.88,battery
261.3,2,10.612040622084281,100.55380547582176,0.8381949161251299,17,0.8160446473779841,0.538762479077444,526.2244502067608,0.1675146838952329,4.2562726954831716,1514.055016311782,1544.5425488885066,1554.656144549243,1549.34416620637,3.1628197624917354,5.248056490369373,1,0,0,0,M039,2.88,battery
261.40000000000003,2,10.747414265607125,99.31949576130299,0.8380444132899846,15,0.9790064141855154,0.4659103959048447,491.85178846690627,0.11801887976061981,4.834972771939587,1556.5412999909865,1614.0386330416432,1543.1662022644366,1566.288696546181,1.9589158550474757,4.256240808184511,1,0,0,0,M039,2.88,battery
261.5,2,10.611208134910028,103.0366115321417,0.8378944876728693,16,1.0331076323568684,0.9660087271697869,502.6928994528194,0.016570355479255984,4.6259827552119965,1519.6600877715455,1575.2948373226398,1557.4678244849774,1549.560566130862,1.492984412344875,4.274396643601447,1,0,0,0,M039,2.88,battery
261.6,2,10.486002867029095,102.16992730658126,0.8377546361955271,15,1.029135820833573,1.587819391889209,489.2009862021844,0.08925932597386621,5.045026123763957,1540.565779888396,1561.442143963165,1579.7564582551952,1553.9049851189618,2.1797277323124784,4.354778431688513,1,0,0,0,M039,2.88,battery
261.7,2,10.554133949979182,105.10586011397724,0.8376020595560455,16,0.9194802086228786,0.9503309617506268,500.74800973880275,0.21072720873529074,5.2220274647701,1608.739212419903,1565.3981153804832,1535.092987129944,1575.4460530862018,1.2581725657615732,2.7005588776666323,1,0,0,0,M039,2.88,battery
261.8,2,10.679266782628916,97.65172443455845,0.8374555961358249,17,1.0854500885570166,1.1186604252236179,544.6394575362357,0.1507319500271516,5.749481734880507,1534.784926922097,1533.4186114343656,1548.5769088110985,1513.3843265894843,2.3937713256876796,3.3241465397133165,1,0,0,0,M039,2.88,battery
261.90000000000003,2,10.875584895289723,104.35627033422361,0.8373065880305645,17,0.8345492473224577,0.4457504556618114,508.73669824159487,0.1129241990136273,6.628052997912344,1562.0505935058184,1566.2201916486938,1542.105463784253,1580.731688401435,2.65903771032968,3.04228971060049,1,0,0,0,M039,2.88,battery
262.0,2,10.411906317689219,98.95141366276059,0.837161436466709,17,1.1074104980296304,0.7527253525769461,474.11152638885267,0.14286549220541195,6.756320722598889,1506.136440794724,1548.9687125211167,1566.4432621051512,1557.228625878049,8.372204458339267,2.3530411561155327,1,0,0,0,M039,2.88,battery
262.1,2,10.813082879250208,107.07579033418716,0.8370172766630571,17,0.9094433055427505,0.28385285617514155,508.67019605402345,0.2686221801695739,6.8774702995973085,1570.4064183820385,1564.1745339667832,1557.6736661398515,1566.3324627496258,3.114984633751286,5.090087907143063,1,0,0,0,M039,2.88,battery
262.2,2,10.76732593629941,98.22386591423385,0.8368760443592964,15,1.016440611623447,0.331196742288148,476.060293136101,0.19452867926220668,6.372363357810713,1535.35992448345,1552.6286865829327,1558.8091210671762,1558.808312089465,2.61593502170011,2.494969625640378,1,0,0,0,M039,2.88,battery
262.3,2,10.49315409248727,106.35509739444926,0.8367300885016704,16,0.9206368562312476,0.8225868223106971,530.2093952200195,0.1694817116524792,6.474902717013866,1540.529797364194,1542.166359402565,1584.6651849662833,1554.0277614344554,1.0300499368944278,2.716467620628812,1,0,0,0,M039,2.88,battery
262.40000000000003,2,10.624651730593735,107.83055140876988,0.8365772833524285,16,0.8970615479350672,0.34845306360211403,546.729722870464,0.11994747278992393,6.312619007880195,1541.2588816948676,1576.1516631784089,1591.7714650765265,1585.962178186913,2.6319211568943586,3.3681072281769997,1,0,0,0,M039,2.88,battery
